Date/Time	Green Algae	Bluegreen	Diatoms	Cryptophyta	#5	#6	#7	Yellow substances	Total conc.	Transmission	Depth	Temp. Sample	Green Algae	Bluegreen	Diatoms	Cryptophyta	#5	#6	#7	Yellow substances	Total cell count	Trans. 700 nm	LED 3 [525 nm]	LED 4 [570 nm]	LED 5 [610 nm]	LED 6 [370 nm]	LED 7 [590 nm]	LED 8 [470 nm]	Pressure	Temp. LEDs	Temp. Sensor
date	µg/l	µg/l	µg/l	µg/l	µg/l	µg/l	µg/l	r.u.	µg/l	%	m	°C	cells/ml	cells/ml	cells/ml	cells/ml	cells/ml	cells/ml	cells/ml	r.u.	cells/ml	digits	digits	digits	digits	digits	digits	digits	bar	°C	°C
7/11/2019 3:05:32 AM	0.77	0.67	0.68	0.00	0.00	0.00	0.00	0.53	2.11	97.32	0.22	26.33	406	665	306	0	0	0	0	0	1377	169.62	4.40	1.38	5.71	8.15	7.30	9.56	1.02	38.56	12.20
7/11/2019 3:05:35 AM	0.69	0.66	0.63	0.00	0.00	0.00	0.00	0.54	1.99	98.58	0.38	26.30	365	664	285	0	0	0	0	0	1314	171.82	4.27	1.35	5.63	8.05	7.15	9.17	1.04	38.64	12.22
7/11/2019 3:05:37 AM	0.69	0.64	0.64	0.00	0.00	0.00	0.00	0.54	1.98	98.92	0.54	26.28	368	645	288	0	0	0	0	0	1301	172.41	4.28	1.25	5.50	8.05	7.15	9.21	1.05	38.72	12.21
7/11/2019 3:05:39 AM	0.72	0.61	0.51	0.05	0.00	0.00	0.00	0.54	1.89	98.68	0.63	26.34	381	610	231	1	0	0	0	0	1224	172.00	4.11	1.29	5.36	7.94	7.06	8.95	1.06	38.81	12.21
7/11/2019 3:05:42 AM	0.79	0.62	0.59	0.03	0.00	0.00	0.00	0.54	2.03	99.30	0.78	26.32	419	616	268	1	0	0	0	0	1304	173.08	4.30	1.25	5.47	8.16	7.21	9.46	1.08	38.89	12.23
7/11/2019 3:05:44 AM	0.82	0.60	0.59	0.00	0.00	0.00	0.00	0.53	2.02	99.44	0.90	26.28	434	604	267	0	0	0	0	0	1305	173.31	4.19	1.19	5.35	8.05	7.06	9.35	1.09	38.96	12.25
7/11/2019 3:05:47 AM	0.71	0.60	0.66	0.02	0.00	0.00	0.00	0.54	1.99	99.47	0.97	26.23	375	602	296	1	0	0	0	0	1273	173.38	4.35	1.28	5.39	8.06	7.09	9.39	1.09	39.03	12.24
7/11/2019 3:05:49 AM	0.73	0.62	0.62	0.00	0.00	0.00	0.00	0.52	1.97	99.29	1.03	26.14	389	615	279	0	0	0	0	0	1284	173.05	4.17	1.29	5.44	7.82	6.95	9.07	1.10	39.11	12.27
7/11/2019 3:05:51 AM	0.79	0.65	0.62	0.00	0.00	0.00	0.00	0.55	2.06	99.39	1.13	26.03	416	649	281	0	0	0	0	0	1346	173.23	4.30	1.29	5.58	8.19	7.23	9.46	1.11	39.20	12.27
7/11/2019 3:05:54 AM	0.81	0.64	0.56	0.00	0.00	0.00	0.00	0.52	2.02	99.25	1.21	26.06	432	644	251	0	0	0	0	0	1327	172.98	4.09	1.34	5.63	7.86	6.99	9.06	1.12	39.26	12.27
7/11/2019 3:05:56 AM	0.84	0.63	0.73	0.00	0.00	0.00	0.00	0.51	2.20	99.02	1.30	25.95	448	627	330	0	0	0	0	0	1405	172.59	4.48	1.37	5.66	8.05	7.23	9.82	1.13	39.34	12.25
7/11/2019 3:05:58 AM	0.87	0.64	0.65	0.00	0.00	0.00	0.00	0.54	2.15	99.34	1.38	25.91	462	636	291	0	0	0	0	0	1388	173.14	4.38	1.29	5.69	8.26	7.19	9.77	1.14	39.40	12.29
7/11/2019 3:06:01 AM	0.78	0.61	0.70	0.04	0.00	0.00	0.00	0.54	2.13	99.25	1.46	25.99	414	606	314	1	0	0	0	0	1336	172.98	4.57	1.25	5.52	8.33	7.33	9.93	1.14	39.49	12.29
7/11/2019 3:06:03 AM	0.88	0.59	0.60	0.04	0.00	0.00	0.00	0.54	2.11	99.30	1.51	25.96	465	585	271	1	0	0	0	0	1323	173.08	4.36	1.26	5.43	8.22	7.20	9.76	1.15	39.55	12.31
7/11/2019 3:06:06 AM	0.76	0.62	0.66	0.05	0.00	0.00	0.00	0.54	2.08	99.26	1.57	26.06	401	619	299	1	0	0	0	0	1320	173.00	4.48	1.28	5.54	8.21	7.33	9.69	1.15	39.62	12.30
7/11/2019 3:06:08 AM	0.81	0.64	0.66	0.00	0.00	0.00	0.00	0.54	2.11	99.19	1.64	26.04	428	643	296	0	0	0	0	0	1367	172.88	4.38	1.28	5.60	8.24	7.27	9.65	1.16	39.72	12.33
7/11/2019 3:06:10 AM	0.66	0.63	0.71	0.02	0.00	0.00	0.00	0.55	2.02	99.27	1.69	25.91	350	625	317	1	0	0	0	0	1293	173.01	4.49	1.21	5.46	8.19	7.28	9.53	1.17	39.79	12.33
7/11/2019 3:06:13 AM	0.63	0.62	0.70	0.00	0.00	0.00	0.00	0.54	1.95	99.07	1.77	25.73	336	616	315	0	0	0	0	0	1267	172.68	4.37	1.19	5.35	8.05	7.08	9.28	1.17	39.86	12.33
7/11/2019 3:06:15 AM	0.75	0.62	0.52	0.00	0.00	0.00	0.00	0.55	1.89	99.04	1.84	25.65	398	619	233	0	0	0	0	0	1250	172.61	4.02	1.20	5.31	7.99	6.97	8.92	1.18	39.93	12.35
7/11/2019 3:06:18 AM	0.89	0.68	0.55	0.00	0.00	0.00	0.00	0.54	2.12	99.32	1.92	25.65	473	681	247	0	0	0	0	0	1401	173.10	4.21	1.25	5.86	8.16	7.25	9.42	1.19	40.00	12.36
7/11/2019 3:06:20 AM	0.77	0.63	0.68	0.00	0.00	0.00	0.00	0.54	2.08	99.31	2.00	25.65	407	630	305	0	0	0	0	0	1342	173.10	4.39	1.31	5.55	8.16	7.20	9.59	1.20	40.08	12.37
7/11/2019 3:06:22 AM	0.72	0.69	0.68	0.00	0.00	0.00	0.00	0.54	2.10	99.42	2.08	25.71	384	694	307	0	0	0	0	0	1385	173.28	4.44	1.31	5.96	8.16	7.25	9.47	1.20	40.17	12.39
7/11/2019 3:06:25 AM	0.87	0.58	0.55	0.10	0.00	0.00	0.00	0.54	2.09	99.20	2.16	25.84	461	578	248	3	0	0	0	0	1289	172.89	4.40	1.31	5.46	8.22	7.31	9.75	1.21	40.23	12.39
7/11/2019 3:06:27 AM	0.81	0.63	0.65	0.00	0.00	0.00	0.00	0.53	2.09	99.27	2.22	25.95	430	635	292	0	0	0	0	0	1356	173.03	4.33	1.28	5.57	8.12	7.20	9.54	1.22	40.31	12.40
7/11/2019 3:06:29 AM	0.83	0.59	0.60	0.03	0.00	0.00	0.00	0.51	2.04	99.25	2.31	25.91	441	586	269	1	0	0	0	0	1297	172.98	4.22	1.16	5.32	7.88	7.11	9.33	1.23	40.38	12.41
7/11/2019 3:06:32 AM	0.86	0.53	0.47	0.11	0.00	0.00	0.00	0.52	1.97	99.29	2.39	25.92	454	534	212	3	0	0	0	0	1204	173.05	4.17	1.18	5.17	7.91	7.10	9.28	1.23	40.44	12.40
7/11/2019 3:06:34 AM	0.81	0.62	0.59	0.00	0.00	0.00	0.00	0.53	2.02	99.23	2.51	25.97	432	623	264	0	0	0	0	0	1319	172.94	4.18	1.12	5.49	7.97	7.07	9.25	1.25	40.53	12.40
7/11/2019 3:06:37 AM	0.79	0.61	0.59	0.00	0.00	0.00	0.00	0.53	2.00	99.33	2.62	26.11	421	610	267	0	0	0	0	0	1299	173.13	4.17	1.23	5.37	7.96	7.05	9.23	1.26	40.58	12.41
7/11/2019 3:06:39 AM	0.80	0.60	0.59	0.03	0.00	0.00	0.00	0.52	2.01	99.37	2.71	26.28	424	600	263	1	0	0	0	0	1288	173.19	4.21	1.24	5.38	7.94	7.11	9.28	1.27	40.67	12.43
7/11/2019 3:06:41 AM	0.76	0.55	0.46	0.10	0.00	0.00	0.00	0.55	1.87	99.31	2.79	26.17	401	551	207	3	0	0	0	0	1163	173.09	4.14	1.20	5.16	8.05	7.05	9.12	1.27	40.76	12.45
7/11/2019 3:06:44 AM	0.73	0.63	0.62	0.00	0.00	0.00	0.00	0.56	1.98	99.30	2.88	26.12	387	632	281	0	0	0	0	0	1299	173.08	4.29	1.19	5.45	8.24	7.14	9.39	1.28	40.80	12.46
7/11/2019 3:06:46 AM	0.94	0.56	0.53	0.08	0.00	0.00	0.00	0.53	2.11	99.32	2.96	26.19	497	562	237	3	0	0	0	0	1298	173.11	4.30	1.25	5.38	8.12	7.24	9.71	1.29	40.88	12.46
7/11/2019 3:06:48 AM	0.86	0.66	0.71	0.00	0.00	0.00	0.00	0.56	2.24	99.16	3.07	26.10	458	661	322	0	0	0	0	0	1441	172.84	4.61	1.34	5.81	8.61	7.45	10.23	1.30	40.94	12.48
7/11/2019 3:06:51 AM	1.04	0.66	0.81	0.09	0.00	0.00	0.00	0.58	2.60	98.96	3.14	26.03	551	658	366	3	0	0	0	0	1578	172.49	5.29	1.54	6.24	9.44	8.08	11.82	1.31	41.03	12.48
7/11/2019 3:06:53 AM	1.11	0.63	0.76	0.08	0.00	0.00	0.00	0.53	2.58	98.99	3.24	25.91	588	634	343	2	0	0	0	0	1567	172.53	5.00	1.47	6.09	8.82	7.89	11.29	1.32	41.10	12.48
7/11/2019 3:06:56 AM	1.11	0.65	0.86	0.11	0.00	0.00	0.00	0.57	2.73	99.17	3.34	25.75	589	647	385	3	0	0	0	0	1626	172.85	5.48	1.62	6.36	9.52	8.22	12.25	1.33	41.16	12.50
7/11/2019 3:06:58 AM	1.18	0.68	0.81	0.09	0.00	0.00	0.00	0.57	2.76	98.60	3.45	25.63	626	676	365	3	0	0	0	0	1669	171.85	5.35	1.60	6.45	9.52	8.25	12.17	1.34	41.24	12.52
7/11/2019 3:07:00 AM	1.45	0.54	0.62	0.25	0.00	0.00	0.00	0.52	2.86	99.01	3.54	25.47	769	544	279	7	0	0	0	0	1599	172.57	5.33	1.62	6.22	9.27	8.33	12.47	1.35	41.30	12.52
7/11/2019 3:07:03 AM	1.17	0.63	0.74	0.14	0.00	0.00	0.00	0.55	2.68	99.00	3.63	25.34	620	632	331	4	0	0	0	0	1587	172.55	5.22	1.65	6.29	9.20	8.11	11.82	1.36	41.37	12.54
7/11/2019 3:07:05 AM	1.41	0.61	0.65	0.14	0.00	0.00	0.00	0.53	2.81	99.12	3.71	25.27	750	607	293	4	0	0	0	0	1654	172.75	5.10	1.57	6.27	9.18	8.14	12.07	1.36	41.44	12.54
7/11/2019 3:07:08 AM	1.29	0.78	0.85	0.00	0.00	0.00	0.00	0.58	2.92	99.11	3.78	25.20	686	776	382	0	0	0	0	0	1845	172.74	5.35	1.69	6.95	9.79	8.32	12.44	1.37	41.50	12.56
7/11/2019 3:07:10 AM	1.05	0.78	0.92	0.00	0.00	0.00	0.00	0.66	2.75	98.80	3.86	25.04	557	778	415	0	0	0	0	0	1751	172.20	5.59	1.74	6.90	10.39	8.22	12.62	1.38	41.56	12.57
7/11/2019 3:07:12 AM	1.44	0.56	0.61	0.16	0.00	0.00	0.00	0.54	2.76	99.13	3.92	24.88	761	557	274	5	0	0	0	0	1597	172.78	5.05	1.58	6.08	9.25	7.96	12.11	1.38	41.63	12.58
7/11/2019 3:07:15 AM	1.43	0.61	0.62	0.12	0.00	0.00	0.00	0.58	2.78	98.91	4.00	24.74	760	607	281	4	0	0	0	0	1651	172.39	5.11	1.60	6.26	9.65	8.05	12.34	1.39	41.71	12.61
7/11/2019 3:07:17 AM	1.97	0.58	0.57	0.10	0.00	0.00	0.00	0.56	3.23	99.28	4.05	24.57	1046	585	257	3	0	0	0	0	1890	173.04	5.19	1.61	6.51	10.12	8.28	13.63	1.40	41.77	12.60
7/11/2019 3:07:19 AM	1.85	0.58	0.58	0.09	0.00	0.00	0.00	0.55	3.10	99.19	4.12	24.45	982	580	259	3	0	0	0	0	1824	172.88	5.07	1.64	6.39	9.80	8.09	13.12	1.40	41.82	12.61
7/11/2019 3:07:22 AM	2.28	0.58	0.62	0.04	0.00	0.00	0.00	0.57	3.51	99.19	4.23	23.60	1206	583	279	1	0	0	0	0	2069	172.88	5.30	1.58	6.65	10.59	8.33	14.58	1.41	41.88	12.61
7/11/2019 3:07:24 AM	2.32	0.68	0.70	0.00	0.00	0.00	0.00	0.59	3.70	99.37	4.32	22.71	1229	682	313	0	0	0	0	0	2224	173.19	5.53	1.67	7.20	10.99	8.67	15.08	1.42	41.95	12.63
7/11/2019 3:07:27 AM	2.47	0.61	0.52	0.07	0.00	0.00	0.00	0.57	3.67	99.35	4.37	22.52	1308	612	234	2	0	0	0	0	2157	173.15	5.29	1.67	6.94	10.74	8.62	14.89	1.43	42.01	12.63
7/11/2019 3:07:29 AM	2.58	0.66	0.63	0.05	0.00	0.00	0.00	0.59	3.92	99.17	4.44	22.64	1367	662	283	1	0	0	0	0	2314	172.84	5.64	1.78	7.33	11.27	8.96	15.80	1.44	42.06	12.65
7/11/2019 3:07:31 AM	2.53	0.60	0.60	0.15	0.00	0.00	0.00	0.61	3.88	99.17	4.51	21.87	1339	598	271	4	0	0	0	0	2213	172.85	5.88	1.84	7.21	11.57	9.04	16.16	1.44	42.14	12.66
7/11/2019 3:07:34 AM	2.63	0.65	0.90	0.07	0.00	0.00	0.00	0.54	4.25	99.21	4.59	20.62	1391	654	406	2	0	0	0	0	2453	172.91	6.27	2.01	7.68	11.38	9.27	16.89	1.45	42.18	12.67
7/11/2019 3:07:36 AM	2.77	0.65	0.83	0.17	0.00	0.00	0.00	0.52	4.41	98.96	4.65	20.15	1466	652	373	5	0	0	0	0	2496	172.49	6.43	2.07	7.91	11.45	9.70	17.29	1.46	42.23	12.67
7/11/2019 3:07:39 AM	2.24	0.80	1.03	0.29	0.00	0.00	0.00	0.59	4.35	99.24	4.74	19.73	1189	798	461	9	0	0	0	0	2457	172.96	7.25	2.48	8.67	12.03	10.56	17.58	1.46	42.27	12.69
7/11/2019 3:07:41 AM	2.24	0.65	1.01	0.26	0.00	0.00	0.00	0.56	4.15	98.95	4.78	19.61	1185	645	455	8	0	0	0	0	2293	172.46	6.94	2.19	7.84	11.55	9.83	17.11	1.47	42.33	12.71
7/11/2019 3:07:43 AM	2.48	0.66	0.86	0.29	0.00	0.00	0.00	0.56	4.29	99.32	4.85	20.02	1316	664	386	9	0	0	0	0	2374	173.11	6.81	2.28	8.07	11.67	10.02	17.33	1.47	42.38	12.71
7/11/2019 3:07:46 AM	2.01	0.68	0.93	0.24	0.00	0.00	0.00	0.59	3.86	99.27	4.93	19.85	1067	678	418	7	0	0	0	0	2170	173.02	6.66	2.08	7.66	11.41	9.64	16.20	1.48	42.40	12.73
7/11/2019 3:07:48 AM	1.79	0.64	0.97	0.30	0.00	0.00	0.00	0.63	3.70	99.37	4.98	19.26	949	639	435	9	0	0	0	0	2032	173.20	6.88	2.09	7.49	11.63	9.62	16.22	1.49	42.46	12.73
7/11/2019 3:07:50 AM	1.75	0.65	0.91	0.30	0.00	0.00	0.00	0.65	3.62	99.29	5.02	19.24	928	654	408	9	0	0	0	0	1999	173.05	6.78	2.17	7.52	11.69	9.56	16.01	1.49	42.51	12.74
7/11/2019 3:07:53 AM	1.76	0.59	1.12	0.34	0.00	0.00	0.00	0.63	3.81	99.37	5.06	19.20	931	589	506	10	0	0	0	0	2036	173.19	7.32	2.19	7.50	11.84	9.72	16.95	1.50	42.52	12.75
7/11/2019 3:07:55 AM	2.46	0.73	1.38	0.22	0.00	0.00	0.00	0.69	4.79	99.43	5.08	19.16	1306	730	620	7	0	0	0	0	2662	173.30	8.24	2.24	8.66	13.80	10.80	20.33	1.50	42.59	12.75
7/11/2019 3:07:58 AM	1.35	0.72	1.17	0.31	0.00	0.00	0.00	0.70	3.55	99.44	5.09	19.34	714	724	524	9	0	0	0	0	1972	173.32	7.36	2.29	7.78	12.09	9.87	16.27	1.50	42.63	12.76
7/11/2019 3:08:00 AM	1.11	0.68	1.02	0.32	0.00	0.00	0.00	0.72	3.14	99.47	5.13	19.03	589	683	460	10	0	0	0	0	1741	173.38	6.95	2.18	7.29	11.77	9.41	15.14	1.50	42.63	12.77
7/11/2019 3:08:02 AM	1.19	0.69	1.00	0.34	0.00	0.00	0.00	0.71	3.22	99.30	5.18	18.71	628	692	449	10	0	0	0	0	1779	173.08	6.99	2.10	7.37	11.75	9.62	15.27	1.51	42.68	12.79
7/11/2019 3:08:05 AM	0.94	0.83	1.25	0.37	0.00	0.00	0.00	0.77	3.39	98.85	5.20	18.45	499	826	562	11	0	0	0	0	1899	172.29	7.79	2.56	8.20	12.60	10.28	16.24	1.51	42.70	12.78
7/11/2019 3:08:07 AM	0.77	0.97	1.33	0.18	0.00	0.00	0.00	0.82	3.25	98.91	5.26	18.10	406	972	599	5	0	0	0	0	1983	172.39	7.53	2.42	8.35	12.76	10.14	15.64	1.52	42.72	12.80
7/11/2019 3:08:09 AM	0.98	0.71	1.01	0.45	0.00	0.00	0.00	0.68	3.15	99.17	5.33	18.06	520	713	455	13	0	0	0	0	1701	172.85	7.15	2.35	7.58	11.36	9.87	14.88	1.52	42.76	12.81
7/11/2019 3:08:12 AM	1.01	0.77	1.10	0.40	0.00	0.00	0.00	0.68	3.28	99.07	5.39	18.11	536	771	495	12	0	0	0	0	1815	172.66	7.29	2.36	7.84	11.57	10.05	15.22	1.53	42.78	12.82
7/11/2019 3:08:14 AM	1.05	0.81	1.13	0.33	0.00	0.00	0.00	0.68	3.31	99.18	5.47	17.79	555	811	509	10	0	0	0	0	1885	172.86	7.16	2.43	7.95	11.48	9.92	15.08	1.54	42.79	12.81
7/11/2019 3:08:17 AM	0.98	0.58	0.94	0.59	0.00	0.00	0.00	0.63	3.08	99.06	5.55	17.24	521	577	423	18	0	0	0	0	1538	172.65	7.18	2.31	7.17	10.90	9.77	14.76	1.54	42.82	12.83
7/11/2019 3:08:19 AM	0.98	0.67	1.02	0.52	0.00	0.00	0.00	0.63	3.19	99.01	5.62	16.93	521	669	460	16	0	0	0	0	1666	172.56	7.23	2.46	7.56	10.96	9.91	14.82	1.55	42.85	12.84
7/11/2019 3:08:21 AM	0.81	0.70	1.22	0.46	0.00	0.00	0.00	0.64	3.20	98.57	5.71	16.67	429	704	549	14	0	0	0	0	1696	171.80	7.49	2.45	7.64	11.11	9.93	15.01	1.56	42.85	12.84
7/11/2019 3:08:24 AM	0.73	0.66	1.12	0.55	0.00	0.00	0.00	0.64	3.06	98.98	5.78	16.47	387	664	503	16	0	0	0	0	1571	172.52	7.43	2.53	7.51	10.93	9.88	14.66	1.57	42.85	12.85
7/11/2019 3:08:26 AM	0.66	0.81	1.47	0.43	0.00	0.00	0.00	0.65	3.36	98.79	5.86	16.38	347	807	660	13	0	0	0	0	1828	172.18	7.97	2.68	8.18	11.38	10.31	15.53	1.57	42.87	12.86
7/11/2019 3:08:29 AM	0.54	0.62	1.05	0.73	0.00	0.00	0.00	0.69	2.95	98.97	5.92	16.45	288	618	474	22	0	0	0	0	1403	172.51	7.82	2.68	7.52	11.32	10.22	14.93	1.58	42.88	12.86
7/11/2019 3:08:31 AM	0.60	0.92	1.44	0.50	0.00	0.00	0.00	0.75	3.46	98.46	6.00	16.81	319	920	647	15	0	0	0	0	1902	171.61	8.44	3.07	8.90	12.49	10.95	16.38	1.59	42.89	12.87
7/11/2019 3:08:33 AM	0.52	0.77	1.30	0.64	0.00	0.00	0.00	0.70	3.23	98.62	6.08	16.74	278	766	584	19	0	0	0	0	1647	171.89	8.26	2.79	8.21	11.75	10.77	15.68	1.60	42.89	12.86
7/11/2019 3:08:36 AM	0.51	0.77	1.36	0.76	0.00	0.00	0.00	0.68	3.41	98.38	6.17	16.61	273	767	614	23	0	0	0	0	1677	171.47	8.73	3.13	8.60	11.87	11.20	16.31	1.60	42.89	12.86
7/11/2019 3:08:38 AM	0.46	0.77	1.37	0.78	0.00	0.00	0.00	0.71	3.38	98.47	6.26	15.75	245	772	617	23	0	0	0	0	1657	171.62	8.84	3.08	8.60	12.12	11.30	16.47	1.61	42.89	12.87
7/11/2019 3:08:40 AM	0.15	1.02	1.70	0.73	0.00	0.00	0.00	0.78	3.60	98.41	6.34	14.83	79	1022	766	22	0	0	0	0	1888	171.52	9.72	3.34	9.72	13.15	12.34	17.43	1.62	42.87	12.87
7/11/2019 3:08:43 AM	0.02	1.49	1.97	0.73	0.00	0.00	0.00	0.82	4.21	98.25	6.42	15.09	13	1493	884	22	0	0	0	0	2412	171.25	10.76	3.90	12.02	14.21	14.51	18.67	1.63	42.89	12.88
7/11/2019 3:08:45 AM	0.00	1.96	3.32	0.71	0.00	0.00	0.00	0.76	5.99	98.12	6.49	14.77	0	1956	1495	21	0	0	0	0	3472	171.02	14.19	4.84	15.36	16.15	17.80	24.10	1.64	42.86	12.89
7/11/2019 3:08:48 AM	0.00	2.40	5.22	0.85	0.00	0.00	0.00	0.72	8.48	97.84	6.56	14.73	0	2401	2351	26	0	0	0	0	4777	170.52	19.93	6.10	19.61	19.68	22.21	32.66	1.64	42.85	12.90
7/11/2019 3:08:50 AM	0.00	2.02	4.14	1.08	0.00	0.00	0.00	0.68	7.24	97.74	6.64	14.85	0	2018	1865	32	0	0	0	0	3915	170.36	17.72	5.35	17.23	17.59	20.43	28.46	1.65	42.84	12.91
7/11/2019 3:08:52 AM	0.00	6.38	15.31	0.31	0.00	0.00	0.00	0.44	22.00	96.24	6.71	14.94	0	6382	6889	9	0	0	0	0	13280	167.74	46.17	12.26	46.04	36.48	47.82	73.19	1.66	42.81	12.92
7/11/2019 3:08:55 AM	0.00	13.89	58.38	1.30	0.00	0.00	0.00	0.00	73.56	91.96	6.79	14.77	0	13885	26271	39	0	0	0	0	40195	160.30	168.38	35.01	126.39	111.19	128.07	261.92	1.67	42.80	12.92
7/11/2019 3:08:57 AM	0.00	8.11	52.28	7.82	0.00	0.00	0.00	0.00	68.21	92.30	6.87	14.52	0	8112	23527	234	0	0	0	0	31873	160.89	173.61	33.91	109.07	109.15	122.90	259.29	1.67	42.78	12.92
7/11/2019 3:09:00 AM	0.00	8.30	40.61	4.54	0.00	0.00	0.00	0.00	53.46	92.47	6.96	14.11	0	8300	18276	136	0	0	0	0	26712	161.18	130.72	27.32	90.22	85.51	98.31	195.07	1.68	42.77	12.92
7/11/2019 3:09:02 AM	0.00	6.61	21.58	4.61	0.00	0.00	0.00	0.45	32.80	92.90	7.04	13.35	0	6615	9711	138	0	0	0	0	16464	161.92	80.11	18.61	63.19	56.07	72.36	116.99	1.69	42.73	12.91
7/11/2019 3:09:04 AM	0.00	6.64	17.60	3.52	0.00	0.00	0.00	0.61	27.76	93.09	7.09	13.08	0	6639	7918	106	0	0	0	0	14663	162.26	65.45	16.19	56.80	48.57	64.25	97.17	1.69	42.72	12.92
7/11/2019 3:09:07 AM	0.00	7.55	17.56	2.29	0.00	0.00	0.00	0.58	27.40	92.90	7.16	13.38	0	7551	7903	69	0	0	0	0	15522	161.93	61.25	15.92	58.08	46.56	63.07	92.16	1.70	42.69	12.91
7/11/2019 3:09:09 AM	0.00	7.09	9.58	2.74	0.00	0.00	0.00	1.04	19.40	93.16	7.26	13.00	0	7086	4312	82	0	0	0	0	11480	162.37	43.26	13.74	49.43	37.75	54.32	63.04	1.71	42.65	12.93
7/11/2019 3:09:11 AM	0.00	8.21	7.97	1.83	0.00	0.00	0.00	1.37	18.01	93.59	7.29	12.48	0	8214	3585	55	0	0	0	0	11854	163.13	36.76	13.40	50.87	37.37	54.23	55.92	1.71	42.61	12.92
7/11/2019 3:09:14 AM	0.00	8.56	6.10	1.85	0.00	0.00	0.00	1.49	16.51	93.60	7.41	12.21	0	8558	2743	56	0	0	0	0	11357	163.15	32.48	13.26	50.68	35.60	53.78	49.09	1.73	42.58	12.93
7/11/2019 3:09:16 AM	0.00	8.43	3.97	2.79	0.00	0.00	0.00	1.72	15.19	93.39	7.48	11.38	0	8435	1785	84	0	0	0	0	10303	162.79	30.37	13.36	50.09	35.69	55.06	45.81	1.73	42.52	12.92
7/11/2019 3:09:19 AM	0.00	8.89	4.12	2.41	0.00	0.00	0.00	1.74	15.42	93.12	7.53	11.51	0	8887	1853	72	0	0	0	0	10813	162.32	30.25	13.54	51.54	35.91	55.47	45.01	1.74	42.47	12.93
7/11/2019 3:09:21 AM	0.00	9.37	4.45	1.91	0.00	0.00	0.00	1.79	15.72	93.06	7.58	12.11	0	9367	2001	57	0	0	0	0	11425	162.20	29.88	13.89	53.05	36.49	55.63	44.86	1.74	42.46	12.94
7/11/2019 3:09:23 AM	0.00	9.70	4.43	1.63	0.00	0.00	0.00	1.85	15.76	92.88	7.68	12.16	0	9700	1994	49	0	0	0	0	11743	161.90	29.06	13.53	53.74	36.73	56.24	44.33	1.75	42.39	12.92
7/11/2019 3:09:26 AM	0.00	9.73	4.23	1.85	0.00	0.00	0.00	1.87	15.81	92.59	7.76	11.66	0	9732	1901	56	0	0	0	0	11689	161.38	29.29	13.52	54.08	36.99	57.23	44.64	1.76	42.34	12.92
7/11/2019 3:09:28 AM	0.62	10.86	4.14	1.77	0.00	0.00	0.00	1.82	17.40	92.47	7.84	10.95	331	10863	1864	53	0	0	0	0	13111	161.18	29.94	14.40	59.35	37.98	62.15	45.97	1.77	42.30	12.93
7/11/2019 3:09:30 AM	0.69	11.45	3.91	1.62	0.00	0.00	0.00	1.82	17.68	92.21	7.91	10.46	366	11449	1760	49	0	0	0	0	13624	160.73	29.47	14.47	61.40	37.84	63.96	44.71	1.77	42.25	12.91
7/11/2019 3:09:33 AM	0.91	12.58	4.38	0.82	0.00	0.00	0.00	1.75	18.69	92.02	7.97	10.47	481	12583	1972	24	0	0	0	0	15060	160.39	28.91	14.71	65.28	37.68	66.11	43.74	1.78	42.19	12.90
7/11/2019 3:09:35 AM	0.85	11.57	2.90	1.86	0.00	0.00	0.00	1.75	17.18	92.04	8.05	10.77	448	11567	1307	56	0	0	0	0	13378	160.43	27.81	14.27	61.48	36.10	64.49	41.28	1.79	42.14	12.94
7/11/2019 3:09:38 AM	0.31	13.24	3.72	0.60	0.00	0.00	0.00	1.60	17.86	91.34	8.13	11.18	162	13236	1675	18	0	0	0	0	15091	159.21	26.40	14.81	66.56	34.21	66.53	36.91	1.80	42.06	12.91
7/11/2019 3:09:40 AM	0.07	14.25	3.10	0.79	0.00	0.00	0.00	1.48	18.20	90.61	8.19	11.06	35	14254	1394	24	0	0	0	0	15706	157.93	25.92	15.28	70.54	32.70	70.84	33.64	1.80	42.01	12.90
7/11/2019 3:09:42 AM	0.00	13.95	2.52	1.11	0.00	0.00	0.00	1.51	17.58	90.11	8.22	11.39	0	13955	1134	33	0	0	0	0	15122	157.06	25.61	15.07	69.31	32.26	70.16	32.22	1.81	41.95	12.90
7/11/2019 3:09:45 AM	0.00	14.69	3.34	0.14	0.00	0.00	0.00	1.42	18.17	89.92	8.29	11.87	0	14691	1504	4	0	0	0	0	16199	156.73	24.62	14.95	71.19	31.56	70.23	31.26	1.81	41.88	12.88
7/11/2019 3:09:47 AM	0.00	16.11	3.21	0.00	0.00	0.00	0.00	1.41	19.32	90.04	8.35	11.06	0	16112	1443	0	0	0	0	0	17555	156.95	25.24	15.73	77.15	32.11	75.48	30.33	1.82	41.82	12.91
7/11/2019 3:09:50 AM	0.00	15.18	2.41	0.45	0.00	0.00	0.00	1.41	18.03	89.79	8.41	10.63	0	15176	1084	13	0	0	0	0	16273	156.51	23.88	15.12	73.05	30.78	72.58	28.49	1.82	41.75	12.89
7/11/2019 3:09:52 AM	0.00	15.53	2.04	0.53	0.00	0.00	0.00	1.35	18.10	89.48	8.48	10.82	0	15529	918	16	0	0	0	0	16463	155.97	23.32	15.07	74.29	29.93	74.16	26.92	1.83	41.68	12.88
7/11/2019 3:09:54 AM	0.05	17.50	2.22	0.00	0.00	0.00	0.00	1.27	19.76	89.16	8.57	10.51	24	17502	997	0	0	0	0	0	18523	155.40	23.43	16.57	82.38	30.02	80.22	25.57	1.84	41.62	12.88
7/11/2019 3:09:57 AM	0.00	18.50	0.00	1.79	0.00	0.00	0.00	1.23	20.29	88.29	8.64	10.21	0	18498	0	54	0	0	0	0	18552	153.89	24.48	17.66	87.90	29.72	90.13	23.52	1.85	41.57	12.86
7/11/2019 3:09:59 AM	0.00	19.11	1.26	0.57	0.00	0.00	0.00	1.21	20.93	88.15	8.74	10.04	0	19108	567	17	0	0	0	0	19692	153.66	24.16	17.32	89.33	29.88	88.86	23.70	1.86	41.48	12.87
7/11/2019 3:10:01 AM	0.00	19.37	1.37	0.18	0.00	0.00	0.00	1.14	20.91	88.09	8.79	9.82	0	19371	614	5	0	0	0	0	19991	153.55	23.42	18.15	90.16	29.00	87.76	21.89	1.86	41.42	12.86
7/11/2019 3:10:04 AM	0.17	19.35	0.83	0.72	0.00	0.00	0.00	1.20	21.07	88.39	8.87	10.15	90	19349	373	22	0	0	0	0	19834	154.06	23.81	17.77	90.54	29.76	90.07	23.10	1.87	41.36	12.84
7/11/2019 3:10:06 AM	0.30	17.79	0.49	0.99	0.00	0.00	0.00	1.19	19.57	88.27	8.97	9.95	161	17789	220	30	0	0	0	0	18199	153.86	22.62	16.42	83.85	28.54	84.39	22.59	1.88	41.26	12.86
7/11/2019 3:10:09 AM	0.10	19.67	1.63	0.00	0.00	0.00	0.00	1.11	21.40	88.20	9.08	9.61	52	19669	734	0	0	0	0	0	20454	153.74	23.43	18.08	91.49	29.12	88.69	22.63	1.89	41.20	12.82
7/11/2019 3:10:11 AM	0.00	17.59	1.66	0.00	0.00	0.00	0.00	1.07	19.25	88.09	9.16	9.37	0	17588	748	0	0	0	0	0	18337	153.54	21.66	16.23	82.15	27.09	79.77	21.47	1.90	41.10	12.81
7/11/2019 3:10:13 AM	0.00	18.06	1.68	0.00	0.00	0.00	0.00	1.12	19.74	88.03	9.26	9.41	0	18062	755	0	0	0	0	0	18818	153.44	22.24	16.52	84.06	27.96	82.10	22.05	1.91	41.02	12.84
7/11/2019 3:10:16 AM	0.31	18.71	1.64	0.00	0.00	0.00	0.00	1.09	20.66	88.12	9.35	9.48	162	18711	738	0	0	0	0	0	19611	153.59	22.87	16.49	87.87	28.54	84.42	22.87	1.92	40.96	12.83
7/11/2019 3:10:18 AM	0.00	19.27	1.19	0.47	0.00	0.00	0.00	1.15	20.92	87.99	9.44	9.66	0	19266	534	14	0	0	0	0	19815	153.37	23.61	18.04	90.02	29.16	88.59	22.59	1.92	40.88	12.82
7/11/2019 3:10:21 AM	0.47	17.74	0.14	1.36	0.00	0.00	0.00	1.14	19.71	88.00	9.53	9.82	249	17737	62	41	0	0	0	0	18088	153.39	22.87	17.22	84.44	28.32	85.12	22.84	1.93	40.78	12.81
7/11/2019 3:10:23 AM	0.00	18.52	1.61	0.00	0.00	0.00	0.00	1.01	20.13	88.04	9.60	9.92	0	18521	722	0	0	0	0	0	19243	153.46	22.35	16.73	86.46	27.05	83.39	20.87	1.94	40.70	12.79
7/11/2019 3:10:25 AM	0.00	20.29	0.99	0.37	0.00	0.00	0.00	1.10	21.65	88.00	9.66	10.17	0	20290	443	11	0	0	0	0	20744	153.39	23.52	18.39	94.02	28.89	92.46	21.22	1.95	40.62	12.79
7/11/2019 3:10:28 AM	0.87	21.60	0.97	0.00	0.00	0.00	0.00	1.04	23.43	87.74	9.75	10.40	462	21595	436	0	0	0	0	0	22492	152.94	24.02	18.82	102.85	29.81	93.92	22.20	1.96	40.53	12.77
7/11/2019 3:10:30 AM	0.07	20.06	1.22	0.00	0.00	0.00	0.00	1.10	21.36	87.82	9.83	10.57	38	20064	550	0	0	0	0	0	20652	153.08	22.87	17.16	93.11	28.56	89.78	20.78	1.96	40.46	12.75
7/11/2019 3:10:32 AM	0.90	20.84	0.43	0.00	0.00	0.00	0.00	1.09	22.17	88.21	9.91	9.96	478	20844	191	0	0	0	0	0	21514	153.76	22.13	18.26	97.99	28.84	91.21	20.07	1.97	40.38	12.76
7/11/2019 3:10:35 AM	0.20	18.26	0.85	0.00	0.00	0.00	0.00	1.09	19.31	88.00	10.00	9.58	108	18258	383	0	0	0	0	0	18749	153.38	20.53	15.67	84.99	26.61	81.53	18.85	1.98	40.30	12.75
7/11/2019 3:10:37 AM	0.31	19.93	0.69	0.00	0.00	0.00	0.00	1.08	20.94	88.12	10.14	9.40	166	19934	309	0	0	0	0	0	20410	153.60	21.57	17.18	92.44	27.72	88.51	19.02	1.99	40.19	12.75
7/11/2019 3:10:40 AM	0.00	19.09	0.79	0.00	0.00	0.00	0.00	1.05	19.88	87.88	10.19	9.28	0	19089	355	0	0	0	0	0	19445	153.19	20.99	16.29	87.42	26.47	85.85	17.77	2.00	40.12	12.73
7/11/2019 3:10:42 AM	0.00	19.34	0.00	0.73	0.00	0.00	0.00	1.14	20.07	87.66	10.32	9.33	0	19345	0	22	0	0	0	0	19366	152.80	21.83	16.91	88.77	27.75	89.81	18.01	2.01	40.01	12.73
7/11/2019 3:10:44 AM	0.46	20.94	0.12	0.44	0.00	0.00	0.00	1.08	21.96	87.80	10.40	8.94	243	20942	52	13	0	0	0	0	21250	153.03	22.39	18.49	96.50	28.43	95.11	19.23	2.02	39.94	12.70
7/11/2019 3:10:47 AM	0.00	20.58	0.69	0.00	0.00	0.00	0.00	1.08	21.27	87.85	10.49	8.96	0	20584	309	0	0	0	0	0	20893	153.13	21.87	17.61	94.18	27.74	91.96	18.20	2.03	39.84	12.70
7/11/2019 3:10:49 AM	0.00	20.72	0.52	0.00	0.00	0.00	0.00	1.09	21.24	87.64	10.58	8.94	0	20719	232	0	0	0	0	0	20951	152.76	21.69	17.70	94.77	27.64	92.16	17.50	2.04	39.74	12.69
7/11/2019 3:10:52 AM	0.08	20.72	0.52	0.00	0.00	0.00	0.00	1.09	21.32	87.57	10.63	8.97	44	20717	233	0	0	0	0	0	20994	152.63	21.66	17.91	95.55	27.75	91.46	17.83	2.04	39.66	12.68
7/11/2019 3:10:54 AM	0.00	18.77	0.00	0.59	0.00	0.00	0.00	1.13	19.36	87.60	10.72	9.39	0	18775	0	18	0	0	0	0	18793	152.69	20.73	16.54	86.51	26.79	86.19	17.51	2.05	39.56	12.67
7/11/2019 3:10:56 AM	0.17	19.01	0.42	0.18	0.00	0.00	0.00	1.08	19.77	87.82	10.79	9.54	92	19006	187	5	0	0	0	0	19289	153.08	20.51	16.43	87.24	26.58	85.98	17.79	2.06	39.48	12.65
7/11/2019 3:10:59 AM	0.00	20.42	0.00	0.63	0.00	0.00	0.00	1.08	21.06	87.63	10.87	9.54	0	20424	0	19	0	0	0	0	20443	152.74	21.86	17.85	93.66	27.63	93.72	17.90	2.07	39.38	12.64
7/11/2019 3:11:01 AM	0.16	21.45	0.54	0.00	0.00	0.00	0.00	1.14	22.15	87.38	10.95	9.59	82	21455	243	0	0	0	0	0	21780	152.30	22.46	18.75	98.89	28.93	94.75	18.79	2.07	39.29	12.62
7/11/2019 3:11:03 AM	0.00	19.01	0.48	0.06	0.00	0.00	0.00	1.09	19.55	87.65	11.07	9.48	0	19006	217	2	0	0	0	0	19225	152.77	20.27	16.16	86.87	26.35	85.54	17.11	2.08	39.21	12.61
7/11/2019 3:11:06 AM	0.14	22.18	0.35	0.00	0.00	0.00	0.00	1.07	22.67	87.39	11.14	9.18	75	22179	160	0	0	0	0	0	22413	152.33	22.53	19.00	102.54	28.50	96.94	17.66	2.09	39.12	12.60
7/11/2019 3:11:08 AM	0.49	22.74	0.19	0.00	0.00	0.00	0.00	1.04	23.41	87.29	11.22	9.17	258	22740	84	0	0	0	0	0	23082	152.15	22.71	20.43	106.44	28.78	97.88	17.91	2.10	39.03	12.60
7/11/2019 3:11:11 AM	0.00	22.50	0.48	0.00	0.00	0.00	0.00	1.09	22.98	87.43	11.31	9.21	0	22495	216	0	0	0	0	0	22711	152.40	23.30	18.88	102.99	28.99	99.37	17.86	2.11	38.93	12.58
