Date/Time	Green Algae	Bluegreen	Diatoms	Cryptophyta	#5	#6	#7	Yellow substances	Total conc.	Transmission	Depth	Temp. Sample	Green Algae	Bluegreen	Diatoms	Cryptophyta	#5	#6	#7	Yellow substances	Total cell count	Trans. 700 nm	LED 3 [525 nm]	LED 4 [570 nm]	LED 5 [610 nm]	LED 6 [370 nm]	LED 7 [590 nm]	LED 8 [470 nm]	Pressure	Temp. LEDs	Temp. Sensor
date	µg/l	µg/l	µg/l	µg/l	µg/l	µg/l	µg/l	r.u.	µg/l	%	m	°C	cells/ml	cells/ml	cells/ml	cells/ml	cells/ml	cells/ml	cells/ml	r.u.	cells/ml	digits	digits	digits	digits	digits	digits	digits	bar	°C	°C
7/10/2019 10:38:10 PM	1.12	0.49	0.78	0.00	0.00	0.00	0.00	0.36	2.39	82.35	0.23	26.44	594	487	352	0	0	0	0	0	1433	143.55	4.28	1.25	5.35	6.96	6.73	9.73	1.02	38.43	12.18
7/10/2019 10:38:12 PM	1.09	0.48	0.75	0.00	0.00	0.00	0.00	0.37	2.32	83.12	0.34	26.38	580	479	337	0	0	0	0	0	1395	144.89	4.18	1.18	5.18	6.88	6.73	9.50	1.03	38.51	12.21
7/10/2019 10:38:15 PM	1.16	0.48	0.78	0.00	0.00	0.00	0.00	0.35	2.42	82.51	0.45	26.38	614	482	351	0	0	0	0	0	1447	143.82	4.26	1.24	5.31	6.90	6.78	9.76	1.04	38.58	12.19
7/10/2019 10:38:17 PM	1.05	0.50	0.78	0.00	0.00	0.00	0.00	0.38	2.32	82.81	0.56	26.37	555	497	351	0	0	0	0	0	1403	144.35	4.30	1.19	5.36	7.05	6.71	9.64	1.05	38.67	12.18
7/10/2019 10:38:19 PM	1.16	0.45	0.78	0.00	0.00	0.00	0.00	0.38	2.39	83.31	0.65	26.36	616	452	349	0	0	0	0	0	1417	145.21	4.29	1.20	5.16	7.10	6.69	9.91	1.06	38.76	12.21
7/10/2019 10:38:22 PM	1.10	0.49	0.77	0.00	0.00	0.00	0.00	0.37	2.36	82.88	0.68	26.32	583	488	347	0	0	0	0	0	1418	144.47	4.27	1.17	5.30	6.99	6.75	9.67	1.07	38.84	12.21
7/10/2019 10:38:24 PM	1.08	0.47	0.84	0.00	0.00	0.00	0.00	0.39	2.38	84.07	0.74	26.27	572	467	376	0	0	0	0	0	1415	146.54	4.44	1.18	5.19	7.26	6.81	10.05	1.07	38.91	12.22
7/10/2019 10:38:27 PM	1.03	0.47	0.72	0.00	0.00	0.00	0.00	0.39	2.22	83.59	0.78	26.35	548	468	324	0	0	0	0	0	1340	145.70	4.13	1.19	5.05	7.02	6.63	9.40	1.08	38.99	12.23
7/10/2019 10:38:29 PM	1.14	0.45	0.66	0.00	0.00	0.00	0.00	0.37	2.26	83.17	0.78	26.30	604	454	299	0	0	0	0	0	1356	144.98	3.98	1.17	5.03	6.77	6.55	9.26	1.08	39.08	12.25
7/10/2019 10:38:31 PM	1.09	0.46	0.77	0.00	0.00	0.00	0.00	0.37	2.32	84.25	0.93	26.35	576	460	348	0	0	0	0	0	1384	146.85	4.22	1.18	5.16	6.90	6.62	9.59	1.09	39.15	12.24
7/10/2019 10:38:34 PM	1.17	0.45	0.71	0.00	0.00	0.00	0.00	0.37	2.32	84.21	1.04	26.52	619	446	319	0	0	0	0	0	1384	146.78	4.10	1.15	5.03	6.90	6.63	9.57	1.10	39.23	12.27
7/10/2019 10:38:36 PM	1.02	0.52	0.78	0.00	0.00	0.00	0.00	0.40	2.31	84.13	1.18	26.44	538	515	350	0	0	0	0	0	1403	146.64	4.35	1.27	5.50	7.24	6.67	9.70	1.12	39.31	12.26
7/10/2019 10:38:38 PM	1.12	0.45	0.76	0.00	0.00	0.00	0.00	0.36	2.33	86.13	1.33	26.43	594	447	343	0	0	0	0	0	1384	150.13	4.19	1.20	5.04	6.90	6.66	9.63	1.13	39.40	12.27
7/10/2019 10:38:41 PM	1.15	0.45	0.76	0.00	0.00	0.00	0.00	0.36	2.36	85.17	1.46	26.50	609	453	341	0	0	0	0	0	1403	148.47	4.18	1.19	5.11	6.86	6.67	9.64	1.14	39.48	12.28
7/10/2019 10:38:43 PM	1.09	0.49	0.75	0.00	0.00	0.00	0.00	0.36	2.33	85.49	1.58	26.48	577	491	339	0	0	0	0	0	1407	149.01	4.19	1.19	5.23	6.86	6.77	9.49	1.16	39.55	12.29
7/10/2019 10:38:46 PM	1.06	0.47	0.82	0.00	0.00	0.00	0.00	0.36	2.35	85.41	1.69	26.51	561	470	369	0	0	0	0	0	1399	148.88	4.31	1.25	5.18	6.91	6.73	9.67	1.17	39.61	12.29
7/10/2019 10:38:48 PM	1.23	0.44	0.66	0.00	0.00	0.00	0.00	0.36	2.33	85.35	1.73	26.45	652	441	296	0	0	0	0	0	1389	148.77	3.99	1.09	5.06	6.80	6.56	9.46	1.17	39.72	12.33
7/10/2019 10:38:50 PM	1.03	0.48	0.81	0.00	0.00	0.00	0.00	0.37	2.32	86.41	1.80	26.29	544	481	366	0	0	0	0	0	1391	150.62	4.30	1.20	5.19	6.91	6.76	9.59	1.18	39.80	12.33
7/10/2019 10:38:53 PM	1.16	0.46	0.82	0.00	0.00	0.00	0.00	0.35	2.44	85.88	1.89	26.44	616	459	368	0	0	0	0	0	1443	149.69	4.33	1.30	5.24	6.95	6.72	9.92	1.18	39.88	12.34
7/10/2019 10:38:55 PM	1.03	0.48	0.83	0.02	0.00	0.00	0.00	0.36	2.36	86.53	1.98	26.60	546	481	371	1	0	0	0	0	1399	150.84	4.38	1.27	5.21	6.94	6.89	9.72	1.19	39.94	12.33
7/10/2019 10:38:58 PM	1.18	0.43	0.71	0.07	0.00	0.00	0.00	0.35	2.39	86.77	2.12	26.59	628	434	318	2	0	0	0	0	1382	151.24	4.26	1.27	5.11	6.90	6.86	9.80	1.21	40.01	12.36
7/10/2019 10:39:00 PM	1.13	0.45	0.75	0.04	0.00	0.00	0.00	0.35	2.37	86.95	2.25	26.60	601	451	336	1	0	0	0	0	1389	151.56	4.24	1.21	5.10	6.82	6.83	9.66	1.22	40.12	12.38
7/10/2019 10:39:02 PM	1.13	0.47	0.82	0.00	0.00	0.00	0.00	0.35	2.42	86.70	2.35	26.51	599	475	368	0	0	0	0	0	1442	151.13	4.31	1.24	5.24	6.86	6.82	9.78	1.23	40.18	12.35
7/10/2019 10:39:05 PM	1.15	0.49	0.76	0.00	0.00	0.00	0.00	0.36	2.40	86.94	2.49	26.46	610	492	342	0	0	0	0	0	1443	151.55	4.23	1.24	5.33	6.92	6.79	9.69	1.24	40.25	12.37
7/10/2019 10:39:07 PM	1.18	0.47	0.78	0.00	0.00	0.00	0.00	0.35	2.42	86.98	2.62	26.50	626	466	349	0	0	0	0	0	1441	151.61	4.23	1.24	5.24	6.85	6.73	9.75	1.26	40.32	12.37
7/10/2019 10:39:09 PM	1.24	0.43	0.70	0.05	0.00	0.00	0.00	0.34	2.43	87.30	2.70	26.54	657	432	317	1	0	0	0	0	1407	152.16	4.21	1.21	5.09	6.82	6.85	9.79	1.26	40.42	12.41
7/10/2019 10:39:12 PM	1.27	0.47	0.90	0.01	0.00	0.00	0.00	0.34	2.65	87.56	2.77	26.53	674	465	406	0	0	0	0	0	1545	152.63	4.60	1.28	5.37	7.16	7.06	10.60	1.27	40.50	12.39
7/10/2019 10:39:14 PM	1.30	0.49	0.74	0.00	0.00	0.00	0.00	0.34	2.52	87.19	2.83	26.42	688	489	331	0	0	0	0	0	1508	151.99	4.20	1.20	5.44	6.84	6.83	9.86	1.28	40.57	12.41
7/10/2019 10:39:17 PM	1.14	0.50	0.75	0.02	0.00	0.00	0.00	0.37	2.40	88.10	2.98	26.41	602	497	337	1	0	0	0	0	1436	153.57	4.30	1.26	5.30	7.06	6.98	9.80	1.29	40.65	12.42
7/10/2019 10:39:19 PM	1.38	0.49	0.72	0.08	0.00	0.00	0.00	0.35	2.68	88.31	3.14	26.40	733	494	326	2	0	0	0	0	1555	153.93	4.49	1.38	5.59	7.23	7.33	10.53	1.31	40.72	12.44
7/10/2019 10:39:21 PM	1.25	0.59	0.83	0.00	0.00	0.00	0.00	0.42	2.68	86.83	3.26	26.14	663	592	375	0	0	0	0	0	1629	151.36	4.70	1.39	5.88	7.88	7.51	10.85	1.32	40.80	12.44
7/10/2019 10:39:24 PM	1.58	0.56	0.81	0.00	0.00	0.00	0.00	0.38	2.95	88.21	3.43	25.79	840	561	363	0	0	0	0	0	1763	153.75	4.71	1.44	6.01	7.93	7.56	11.51	1.34	40.89	12.46
7/10/2019 10:39:26 PM	1.85	0.54	0.78	0.01	0.00	0.00	0.00	0.37	3.19	89.25	3.58	25.22	980	544	351	0	0	0	0	0	1876	155.57	4.81	1.45	6.14	8.14	7.77	12.21	1.35	40.96	12.46
7/10/2019 10:39:28 PM	1.94	0.50	0.67	0.10	0.00	0.00	0.00	0.39	3.21	89.17	3.67	24.84	1026	500	303	3	0	0	0	0	1833	155.42	4.88	1.57	6.15	8.35	7.86	12.51	1.36	41.04	12.48
7/10/2019 10:39:31 PM	2.14	0.47	0.83	0.11	0.00	0.00	0.00	0.36	3.55	89.43	3.75	24.90	1133	472	373	3	0	0	0	0	1982	155.88	5.31	1.53	6.31	8.62	8.17	13.65	1.37	41.10	12.48
7/10/2019 10:39:33 PM	2.10	0.47	0.78	0.11	0.00	0.00	0.00	0.38	3.46	89.29	3.80	24.75	1111	474	351	3	0	0	0	0	1939	155.64	5.21	1.60	6.27	8.73	8.02	13.48	1.37	41.16	12.48
7/10/2019 10:39:36 PM	2.55	0.44	0.76	0.10	0.00	0.00	0.00	0.33	3.85	89.47	3.85	24.51	1349	442	343	3	0	0	0	0	2137	155.95	5.23	1.59	6.42	8.72	8.18	14.33	1.38	41.24	12.49
7/10/2019 10:39:38 PM	2.63	0.51	0.87	0.03	0.00	0.00	0.00	0.34	4.04	90.04	3.89	24.51	1396	505	392	1	0	0	0	0	2295	156.94	5.43	1.75	6.81	9.10	8.33	14.95	1.38	41.32	12.51
7/10/2019 10:39:40 PM	2.65	0.42	0.68	0.17	0.00	0.00	0.00	0.34	3.91	89.89	3.94	24.31	1405	417	304	5	0	0	0	0	2130	156.68	5.31	1.69	6.50	8.94	8.32	14.67	1.39	41.39	12.52
7/10/2019 10:39:43 PM	2.72	0.44	0.77	0.08	0.00	0.00	0.00	0.34	4.01	89.32	4.03	23.79	1441	443	345	3	0	0	0	0	2232	155.69	5.33	1.66	6.58	9.05	8.27	14.93	1.39	41.48	12.52
7/10/2019 10:39:45 PM	2.72	0.43	0.80	0.10	0.00	0.00	0.00	0.33	4.05	90.21	4.09	23.54	1441	434	358	3	0	0	0	0	2237	157.23	5.42	1.69	6.61	9.05	8.30	15.07	1.40	41.53	12.55
7/10/2019 10:39:48 PM	2.93	0.42	0.76	0.13	0.00	0.00	0.00	0.33	4.24	89.90	4.13	23.57	1555	422	341	4	0	0	0	0	2322	156.70	5.53	1.73	6.76	9.29	8.51	15.68	1.40	41.60	12.54
7/10/2019 10:39:50 PM	2.98	0.40	0.79	0.14	0.00	0.00	0.00	0.31	4.32	89.88	4.19	23.61	1581	399	356	4	0	0	0	0	2340	156.67	5.62	1.80	6.77	9.27	8.51	15.93	1.41	41.67	12.57
7/10/2019 10:39:52 PM	2.92	0.39	0.78	0.28	0.00	0.00	0.00	0.35	4.37	89.63	4.23	23.45	1545	394	349	9	0	0	0	0	2297	156.23	6.10	1.93	7.01	9.83	9.03	16.59	1.41	41.73	12.56
7/10/2019 10:39:55 PM	2.97	0.47	0.68	0.11	0.00	0.00	0.00	0.35	4.23	90.19	4.27	23.43	1572	471	307	3	0	0	0	0	2353	157.20	5.43	1.77	6.92	9.49	8.60	15.61	1.42	41.79	12.58
7/10/2019 10:39:57 PM	2.95	0.48	0.85	0.09	0.00	0.00	0.00	0.32	4.36	90.19	4.30	23.56	1562	475	381	3	0	0	0	0	2421	157.21	5.66	1.80	7.02	9.40	8.67	15.93	1.42	41.87	12.59
7/10/2019 10:39:59 PM	3.00	0.41	0.63	0.20	0.00	0.00	0.00	0.34	4.24	89.93	4.33	23.39	1588	411	284	6	0	0	0	0	2289	156.76	5.50	1.80	6.81	9.37	8.66	15.70	1.42	41.92	12.61
7/10/2019 10:40:02 PM	2.92	0.37	0.58	0.22	0.00	0.00	0.00	0.35	4.10	90.21	4.36	23.18	1548	371	263	7	0	0	0	0	2189	157.24	5.43	1.81	6.60	9.35	8.46	15.48	1.43	41.99	12.60
7/10/2019 10:40:04 PM	2.90	0.45	0.65	0.13	0.00	0.00	0.00	0.36	4.14	89.95	4.38	23.08	1539	454	293	4	0	0	0	0	2290	156.79	5.36	1.81	6.82	9.40	8.47	15.37	1.43	42.05	12.62
7/10/2019 10:40:07 PM	2.97	0.41	0.59	0.20	0.00	0.00	0.00	0.37	4.16	90.26	4.42	22.82	1572	409	264	6	0	0	0	0	2250	157.32	5.44	1.84	6.76	9.58	8.54	15.65	1.43	42.11	12.64
7/10/2019 10:40:09 PM	2.69	0.58	0.90	0.03	0.00	0.00	0.00	0.46	4.21	90.62	4.46	22.31	1427	581	404	1	0	0	0	0	2414	157.95	5.90	1.81	7.25	10.48	8.84	16.22	1.44	42.18	12.66
7/10/2019 10:40:11 PM	3.08	0.45	0.70	0.14	0.00	0.00	0.00	0.37	4.36	90.80	4.49	22.20	1630	446	315	4	0	0	0	0	2395	158.26	5.63	1.84	7.00	9.84	8.71	16.26	1.44	42.23	12.64
7/10/2019 10:40:14 PM	2.98	0.45	0.71	0.13	0.00	0.00	0.00	0.35	4.27	90.10	4.51	22.41	1580	446	320	4	0	0	0	0	2349	157.06	5.54	1.84	6.91	9.53	8.59	15.83	1.44	42.26	12.68
7/10/2019 10:40:16 PM	3.00	0.55	0.82	0.06	0.00	0.00	0.00	0.35	4.43	90.23	4.54	22.46	1590	548	371	2	0	0	0	0	2511	157.28	5.68	1.91	7.34	9.71	8.86	16.12	1.45	42.34	12.67
7/10/2019 10:40:19 PM	3.13	0.53	0.76	0.11	0.00	0.00	0.00	0.36	4.52	90.67	4.56	22.30	1660	526	340	3	0	0	0	0	2529	158.04	5.75	1.92	7.39	9.96	9.01	16.52	1.45	42.38	12.69
7/10/2019 10:40:21 PM	3.12	0.51	0.76	0.18	0.00	0.00	0.00	0.38	4.56	90.12	4.59	22.18	1653	506	340	5	0	0	0	0	2506	157.07	6.01	1.96	7.45	10.25	9.25	16.96	1.45	42.45	12.68
7/10/2019 10:40:23 PM	3.21	0.48	0.75	0.29	0.00	0.00	0.00	0.37	4.73	90.29	4.63	21.59	1702	477	336	9	0	0	0	0	2523	157.38	6.34	2.25	7.70	10.47	9.54	17.64	1.45	42.48	12.72
7/10/2019 10:40:26 PM	3.29	0.48	0.86	0.31	0.00	0.00	0.00	0.37	4.94	90.37	4.63	21.04	1744	482	385	9	0	0	0	0	2621	157.52	6.70	2.25	7.91	10.79	9.85	18.44	1.45	42.54	12.71
7/10/2019 10:40:28 PM	3.22	0.53	0.89	0.28	0.00	0.00	0.00	0.38	4.92	90.32	4.63	20.99	1704	530	400	8	0	0	0	0	2642	157.44	6.72	2.25	8.03	10.82	9.94	18.31	1.45	42.58	12.73
7/10/2019 10:40:30 PM	3.34	0.52	0.92	0.28	0.00	0.00	0.00	0.38	5.05	90.61	4.64	21.04	1768	518	412	8	0	0	0	0	2707	157.94	6.83	2.26	8.09	11.02	10.01	18.79	1.45	42.61	12.73
7/10/2019 10:40:33 PM	2.99	0.88	1.22	0.00	0.00	0.00	0.00	0.51	5.09	89.87	4.65	21.10	1585	877	549	0	0	0	0	0	3011	156.64	7.13	2.43	9.41	12.16	10.23	18.95	1.46	42.66	12.75
7/10/2019 10:40:35 PM	3.22	0.46	0.84	0.39	0.00	0.00	0.00	0.38	4.90	90.38	4.67	21.02	1704	456	379	12	0	0	0	0	2551	157.53	6.88	2.29	7.89	10.83	10.02	18.52	1.46	42.70	12.75
7/10/2019 10:40:38 PM	3.16	0.46	0.96	0.41	0.00	0.00	0.00	0.42	4.99	90.47	4.71	20.92	1675	459	431	12	0	0	0	0	2577	157.69	7.30	2.36	8.04	11.41	10.24	19.29	1.46	42.75	12.77
7/10/2019 10:40:40 PM	3.36	0.49	1.03	0.37	0.00	0.00	0.00	0.37	5.25	90.73	4.74	20.54	1781	486	466	11	0	0	0	0	2744	158.15	7.35	2.50	8.33	11.27	10.32	19.68	1.46	42.77	12.75
7/10/2019 10:40:42 PM	3.22	0.57	1.16	0.24	0.00	0.00	0.00	0.40	5.18	90.69	4.79	20.28	1705	569	522	7	0	0	0	0	2804	158.07	7.30	2.43	8.42	11.41	10.19	19.46	1.47	42.81	12.79
7/10/2019 10:40:45 PM	3.15	0.53	1.14	0.26	0.00	0.00	0.00	0.38	5.09	90.57	4.81	20.23	1669	533	515	8	0	0	0	0	2725	157.86	7.23	2.42	8.24	11.11	10.05	19.13	1.47	42.86	12.79
7/10/2019 10:40:47 PM	3.28	0.43	1.09	0.39	0.00	0.00	0.00	0.37	5.20	90.40	4.87	20.12	1740	431	490	12	0	0	0	0	2673	157.57	7.48	2.40	8.10	11.26	10.24	19.78	1.48	42.89	12.79
7/10/2019 10:40:49 PM	2.96	0.54	1.33	0.23	0.00	0.00	0.00	0.38	5.06	91.01	4.91	19.84	1568	544	598	7	0	0	0	0	2718	158.64	7.47	2.35	8.20	11.09	10.06	19.18	1.48	42.91	12.79
7/10/2019 10:40:52 PM	3.00	0.48	1.23	0.26	0.00	0.00	0.00	0.38	4.96	90.98	4.96	19.56	1588	479	553	8	0	0	0	0	2628	158.58	7.29	2.31	7.91	11.04	9.79	18.99	1.49	42.94	12.81
7/10/2019 10:40:54 PM	2.95	0.58	1.39	0.13	0.00	0.00	0.00	0.38	5.05	90.66	4.99	19.15	1561	584	625	4	0	0	0	0	2774	158.02	7.31	2.34	8.23	11.02	9.84	18.96	1.49	42.98	12.81
7/10/2019 10:40:57 PM	2.74	0.63	1.53	0.13	0.00	0.00	0.00	0.41	5.03	90.65	5.02	19.20	1451	625	689	4	0	0	0	0	2769	158.00	7.66	2.39	8.39	11.36	10.04	19.22	1.49	42.98	12.81
7/10/2019 10:40:59 PM	2.71	0.55	1.53	0.22	0.00	0.00	0.00	0.41	5.00	90.88	5.06	19.43	1434	547	689	6	0	0	0	0	2677	158.41	7.83	2.34	8.16	11.35	10.06	19.42	1.50	43.02	12.84
7/10/2019 10:41:01 PM	2.66	0.56	1.32	0.31	0.00	0.00	0.00	0.41	4.84	90.74	5.06	19.14	1408	560	593	9	0	0	0	0	2570	158.17	7.60	2.42	8.20	11.17	10.18	18.79	1.50	43.03	12.84
7/10/2019 10:41:04 PM	2.59	0.55	1.39	0.34	0.00	0.00	0.00	0.43	4.87	90.97	5.09	19.11	1371	549	628	10	0	0	0	0	2558	158.57	7.87	2.48	8.24	11.38	10.28	19.14	1.50	43.05	12.84
7/10/2019 10:41:06 PM	2.42	0.71	1.61	0.17	0.00	0.00	0.00	0.44	4.91	90.61	5.10	19.10	1280	712	725	5	0	0	0	0	2723	157.94	7.93	2.41	8.65	11.48	10.45	18.98	1.50	43.07	12.85
7/10/2019 10:41:09 PM	2.17	0.61	1.53	0.40	0.00	0.00	0.00	0.45	4.71	90.58	5.13	19.25	1150	614	687	12	0	0	0	0	2463	157.88	8.23	2.59	8.45	11.39	10.62	18.84	1.50	43.09	12.85
7/10/2019 10:41:11 PM	2.16	0.52	1.45	0.51	0.00	0.00	0.00	0.45	4.63	91.00	5.16	19.46	1143	521	651	15	0	0	0	0	2329	158.61	8.31	2.58	8.18	11.37	10.58	18.91	1.51	43.09	12.85
7/10/2019 10:41:13 PM	1.99	0.74	1.76	0.24	0.00	0.00	0.00	0.47	4.73	91.07	5.21	19.25	1055	743	792	7	0	0	0	0	2597	158.74	8.34	2.78	8.85	11.55	10.54	18.81	1.51	43.11	12.86
7/10/2019 10:41:16 PM	2.12	0.54	1.27	0.48	0.00	0.00	0.00	0.46	4.41	91.24	5.22	19.16	1124	539	573	14	0	0	0	0	2250	159.03	7.82	2.57	8.03	11.08	10.28	17.99	1.51	43.13	12.86
7/10/2019 10:41:18 PM	2.10	0.64	1.51	0.42	0.00	0.00	0.00	0.47	4.67	90.72	5.25	19.31	1113	642	680	12	0	0	0	0	2448	158.12	8.29	2.67	8.58	11.51	10.73	18.80	1.51	43.15	12.87
7/10/2019 10:41:20 PM	2.11	0.67	1.53	0.33	0.00	0.00	0.00	0.44	4.64	90.69	5.28	19.15	1116	674	690	10	0	0	0	0	2490	158.07	8.02	2.62	8.54	11.18	10.49	18.33	1.52	43.15	12.89
7/10/2019 10:41:23 PM	2.02	0.63	1.55	0.40	0.00	0.00	0.00	0.46	4.59	90.96	5.31	18.97	1069	632	695	12	0	0	0	0	2408	158.55	8.24	2.72	8.48	11.39	10.52	18.57	1.52	43.16	12.90
7/10/2019 10:41:25 PM	2.01	0.69	1.53	0.33	0.00	0.00	0.00	0.47	4.56	90.96	5.36	18.72	1066	690	688	10	0	0	0	0	2454	158.54	8.05	2.73	8.59	11.37	10.45	18.27	1.52	43.16	12.90
7/10/2019 10:41:28 PM	1.75	0.62	1.39	0.46	0.00	0.00	0.00	0.48	4.23	90.81	5.38	18.20	929	623	627	14	0	0	0	0	2193	158.28	7.96	2.70	8.22	11.02	10.37	17.46	1.53	43.17	12.88
7/10/2019 10:41:30 PM	1.69	0.66	1.48	0.57	0.00	0.00	0.00	0.50	4.39	90.99	5.43	17.79	894	657	666	17	0	0	0	0	2234	158.59	8.55	2.96	8.69	11.51	10.97	18.29	1.53	43.17	12.90
7/10/2019 10:41:32 PM	1.63	0.75	1.52	0.40	0.00	0.00	0.00	0.50	4.30	90.97	5.50	17.49	864	747	683	12	0	0	0	0	2306	158.57	8.16	2.85	8.71	11.31	10.67	17.61	1.54	43.18	12.89
7/10/2019 10:41:35 PM	1.20	0.75	1.75	0.35	0.00	0.00	0.00	0.54	4.05	91.16	5.56	17.35	638	747	787	11	0	0	0	0	2183	158.89	8.41	2.78	8.47	11.40	10.41	17.34	1.54	43.17	12.93
7/10/2019 10:41:37 PM	0.99	0.69	1.82	0.40	0.00	0.00	0.00	0.55	3.90	91.12	5.60	17.37	525	692	817	12	0	0	0	0	2046	158.82	8.59	2.75	8.21	11.37	10.30	17.24	1.55	43.17	12.92
7/10/2019 10:41:40 PM	1.19	0.63	1.78	0.53	0.00	0.00	0.00	0.54	4.12	91.34	5.64	17.78	630	626	800	16	0	0	0	0	2072	159.20	8.93	2.78	8.29	11.64	10.70	18.15	1.55	43.16	12.95
7/10/2019 10:41:42 PM	1.18	0.75	1.93	0.46	0.00	0.00	0.00	0.55	4.32	91.56	5.69	18.12	626	751	871	14	0	0	0	0	2261	159.59	9.18	2.97	8.88	11.91	11.04	18.57	1.56	43.16	12.93
7/10/2019 10:41:44 PM	1.17	0.75	2.19	0.52	0.00	0.00	0.00	0.53	4.63	91.56	5.75	17.87	620	753	984	16	0	0	0	0	2372	159.59	9.93	3.23	9.30	12.31	11.51	19.81	1.56	43.15	12.93
7/10/2019 10:41:47 PM	0.83	0.76	2.39	0.49	0.00	0.00	0.00	0.56	4.47	91.40	5.81	17.19	441	763	1074	15	0	0	0	0	2293	159.31	10.22	3.03	9.13	12.39	11.52	19.70	1.57	43.14	12.94
7/10/2019 10:41:49 PM	0.59	1.02	2.92	0.28	0.00	0.00	0.00	0.57	4.82	91.27	5.85	16.63	313	1024	1315	8	0	0	0	0	2660	159.09	10.92	3.45	10.26	12.90	12.02	20.53	1.57	43.12	12.94
7/10/2019 10:41:51 PM	0.57	0.82	2.75	0.57	0.00	0.00	0.00	0.57	4.70	91.23	5.88	16.57	300	816	1237	17	0	0	0	0	2370	159.01	11.23	3.37	9.72	12.88	12.19	20.86	1.58	43.10	12.95
7/10/2019 10:41:54 PM	1.00	0.75	2.32	0.61	0.00	0.00	0.00	0.54	4.68	91.29	5.90	16.27	531	752	1042	18	0	0	0	0	2344	159.11	10.45	3.21	9.43	12.49	11.97	20.28	1.58	43.11	12.94
7/10/2019 10:41:56 PM	0.60	0.90	2.61	0.47	0.00	0.00	0.00	0.59	4.58	91.01	5.94	16.28	318	896	1175	14	0	0	0	0	2403	158.64	10.72	3.32	9.77	12.79	11.99	20.11	1.58	43.08	12.95
7/10/2019 10:41:59 PM	0.67	0.87	2.75	0.52	0.00	0.00	0.00	0.58	4.81	91.28	5.99	16.50	355	870	1237	16	0	0	0	0	2477	159.10	11.22	3.39	9.95	13.12	12.31	21.11	1.59	43.06	12.96
7/10/2019 10:42:01 PM	0.82	0.91	2.48	0.51	0.00	0.00	0.00	0.59	4.73	91.42	6.02	16.59	435	913	1115	15	0	0	0	0	2478	159.35	10.69	3.35	9.99	12.95	12.29	20.43	1.59	43.04	12.96
7/10/2019 10:42:03 PM	0.95	0.90	2.14	0.55	0.00	0.00	0.00	0.60	4.55	91.28	6.07	16.39	506	900	964	17	0	0	0	0	2386	159.10	10.10	3.26	9.79	12.78	12.14	19.66	1.59	43.03	12.94
7/10/2019 10:42:06 PM	0.79	0.88	2.13	0.56	0.00	0.00	0.00	0.61	4.36	91.29	6.13	15.91	419	878	959	17	0	0	0	0	2273	159.12	10.01	3.22	9.56	12.64	11.93	19.20	1.60	42.98	12.97
7/10/2019 10:42:08 PM	0.29	0.95	1.87	0.55	0.00	0.00	0.00	0.72	3.66	91.33	6.19	15.73	152	951	842	16	0	0	0	0	1961	159.19	9.40	3.05	9.21	12.61	11.60	17.27	1.61	42.98	12.96
7/10/2019 10:42:10 PM	0.26	1.00	2.00	0.45	0.00	0.00	0.00	0.71	3.72	91.20	6.24	15.08	140	1000	901	14	0	0	0	0	2055	158.97	9.42	2.99	9.31	12.54	11.57	17.28	1.61	42.96	12.97
7/10/2019 10:42:13 PM	0.15	1.17	2.27	0.62	0.00	0.00	0.00	0.74	4.20	91.10	6.29	14.02	78	1170	1020	19	0	0	0	0	2287	158.79	10.74	3.54	10.66	13.64	13.12	19.16	1.62	42.91	12.97
7/10/2019 10:42:15 PM	0.00	2.19	3.18	0.70	0.00	0.00	0.00	0.73	6.07	91.00	6.33	13.62	0	2194	1433	21	0	0	0	0	3647	158.61	14.01	4.60	16.11	15.82	18.78	23.28	1.62	42.89	12.97
7/10/2019 10:42:18 PM	0.00	2.22	3.79	0.70	0.00	0.00	0.00	0.74	6.72	91.29	6.35	13.74	0	2223	1708	21	0	0	0	0	3952	159.12	15.62	5.00	16.93	17.02	19.52	26.05	1.62	42.85	12.96
7/10/2019 10:42:20 PM	0.00	2.17	3.23	0.83	0.00	0.00	0.00	0.73	6.23	90.97	6.42	14.04	0	2168	1452	25	0	0	0	0	3645	158.56	14.43	4.86	16.37	16.04	19.22	24.04	1.63	42.82	12.96
7/10/2019 10:42:22 PM	0.00	3.35	4.19	0.40	0.00	0.00	0.00	0.66	7.94	90.55	6.49	14.15	0	3354	1885	12	0	0	0	0	5251	157.84	16.43	5.82	21.71	17.18	23.39	26.09	1.64	42.76	12.97
7/10/2019 10:42:25 PM	0.00	2.30	3.35	1.02	0.00	0.00	0.00	0.68	6.66	90.54	6.53	14.52	0	2297	1506	30	0	0	0	0	3834	157.81	15.48	5.13	17.45	16.24	20.62	24.97	1.64	42.75	12.98
7/10/2019 10:42:27 PM	0.00	2.46	3.78	1.29	0.00	0.00	0.00	0.69	7.54	90.61	6.57	14.78	0	2465	1701	39	0	0	0	0	4205	157.94	17.79	5.59	19.21	17.71	22.96	28.06	1.64	42.71	12.97
7/10/2019 10:42:30 PM	0.00	4.30	5.12	1.09	0.00	0.00	0.00	0.58	10.51	90.22	6.62	14.66	0	4297	2303	33	0	0	0	0	6633	157.25	21.81	7.41	28.27	19.94	31.27	32.67	1.65	42.66	12.98
7/10/2019 10:42:32 PM	0.00	5.37	6.55	0.26	0.00	0.00	0.00	0.51	12.18	89.67	6.68	14.35	0	5365	2949	8	0	0	0	0	8322	156.31	23.89	8.04	32.73	21.15	33.69	34.81	1.65	42.61	12.98
7/10/2019 10:42:34 PM	0.00	9.12	7.87	0.00	0.00	0.00	0.00	0.35	16.99	89.20	6.73	14.32	0	9117	3543	0	0	0	0	0	12660	155.48	28.71	11.15	50.48	24.14	49.64	39.62	1.66	42.58	12.97
7/10/2019 10:42:37 PM	0.00	9.66	8.19	0.67	0.00	0.00	0.00	0.43	18.51	88.72	6.77	14.53	0	9656	3686	20	0	0	0	0	13362	154.64	32.67	12.23	54.20	27.19	55.60	44.53	1.66	42.55	12.98
7/10/2019 10:42:39 PM	0.00	9.14	8.56	0.67	0.00	0.00	0.00	0.40	18.37	88.84	6.81	14.59	0	9137	3854	20	0	0	0	0	13011	154.85	33.35	12.22	52.40	27.12	53.50	45.51	1.67	42.50	12.96
7/10/2019 10:42:41 PM	0.00	7.34	11.72	3.89	0.00	0.00	0.00	0.23	22.95	88.77	6.87	14.58	0	7343	5274	117	0	0	0	0	12733	154.74	51.17	14.80	54.63	35.54	62.27	70.57	1.67	42.46	12.98
7/10/2019 10:42:44 PM	0.00	12.41	35.20	1.89	0.00	0.00	0.00	0.00	49.50	87.37	6.92	14.18	0	12411	15842	57	0	0	0	0	28309	152.29	113.14	26.17	98.01	73.04	98.23	161.28	1.68	42.41	12.96
7/10/2019 10:42:46 PM	0.00	13.51	46.79	1.93	0.00	0.00	0.00	0.00	62.24	83.95	6.97	14.08	0	13513	21058	58	0	0	0	0	34629	146.34	142.98	31.89	115.04	92.89	115.42	212.84	1.68	42.37	12.96
7/10/2019 10:42:49 PM	0.00	9.56	35.52	4.39	0.00	0.00	0.00	0.00	49.47	84.79	6.99	13.91	0	9561	15984	132	0	0	0	0	25677	147.80	120.89	25.23	90.73	76.27	97.16	171.88	1.69	42.31	12.98
7/10/2019 10:42:51 PM	0.00	9.71	35.45	4.16	0.00	0.00	0.00	0.00	49.33	84.12	7.02	13.10	0	9714	15952	125	0	0	0	0	25791	146.63	114.98	25.09	89.50	76.94	98.83	172.80	1.69	42.26	12.97
7/10/2019 10:42:53 PM	0.00	10.37	32.19	1.38	0.00	0.00	0.00	0.06	43.93	84.91	7.06	12.54	0	10368	14483	41	0	0	0	0	24893	148.01	98.55	22.78	83.52	67.76	85.84	147.04	1.69	42.21	12.96
7/10/2019 10:42:56 PM	0.00	8.30	23.18	2.29	0.00	0.00	0.00	0.13	33.77	85.72	7.12	12.61	0	8301	10431	69	0	0	0	0	18801	149.41	77.38	18.08	67.09	52.77	71.42	111.70	1.70	42.17	12.94
7/10/2019 10:42:58 PM	0.00	6.95	15.92	2.29	0.00	0.00	0.00	0.33	25.16	85.90	7.16	12.76	0	6950	7165	69	0	0	0	0	14184	149.73	58.17	14.90	54.07	41.09	57.69	81.50	1.70	42.10	12.95
7/10/2019 10:43:01 PM	0.00	4.87	8.14	2.82	0.00	0.00	0.00	0.57	15.83	84.97	7.22	12.98	0	4866	3665	85	0	0	0	0	8615	148.11	37.30	10.61	37.84	29.04	43.60	52.46	1.71	42.04	12.94
7/10/2019 10:43:03 PM	0.00	6.14	8.25	1.38	0.00	0.00	0.00	0.72	15.77	85.45	7.27	13.07	0	6144	3714	41	0	0	0	0	9899	148.95	33.38	10.69	40.57	28.97	43.37	48.81	1.71	41.99	12.94
7/10/2019 10:43:05 PM	0.00	6.23	7.79	1.14	0.00	0.00	0.00	0.92	15.15	85.31	7.32	12.99	0	6226	3504	34	0	0	0	0	9765	148.70	31.71	10.21	39.92	29.79	42.60	47.59	1.72	41.94	12.94
7/10/2019 10:43:08 PM	0.00	6.84	5.77	1.61	0.00	0.00	0.00	1.05	14.22	85.72	7.39	12.26	0	6842	2598	48	0	0	0	0	9488	149.41	28.56	11.10	41.91	28.79	44.85	42.33	1.72	41.86	12.96
7/10/2019 10:43:10 PM	0.00	6.54	4.92	1.71	0.00	0.00	0.00	1.09	13.16	85.45	7.44	11.81	0	6537	2213	51	0	0	0	0	8801	148.95	26.34	10.37	39.78	27.58	43.32	39.41	1.73	41.82	12.93
7/10/2019 10:43:12 PM	0.00	7.27	5.78	1.78	0.00	0.00	0.00	1.06	14.83	85.24	7.51	12.35	0	7269	2603	53	0	0	0	0	9925	148.59	29.59	11.95	44.34	29.62	47.20	43.35	1.74	41.74	12.94
7/10/2019 10:43:15 PM	0.00	7.19	6.59	1.75	0.00	0.00	0.00	1.03	15.52	85.52	7.58	12.57	0	7188	2964	52	0	0	0	0	10205	149.07	31.52	11.94	44.65	30.54	47.62	46.27	1.74	41.69	12.92
7/10/2019 10:43:17 PM	0.00	7.89	4.57	2.73	0.00	0.00	0.00	1.24	15.19	85.70	7.64	12.57	0	7888	2056	82	0	0	0	0	10026	149.38	30.01	13.77	48.26	31.32	52.34	44.12	1.75	41.62	12.93
7/10/2019 10:43:20 PM	0.18	8.25	4.68	3.22	0.00	0.00	0.00	1.45	16.32	85.59	7.73	12.43	93	8246	2105	97	0	0	0	0	10541	149.20	32.38	14.52	51.14	35.02	56.56	49.41	1.76	41.55	12.92
7/10/2019 10:43:22 PM	0.00	8.79	5.20	3.10	0.00	0.00	0.00	1.56	17.09	85.83	7.79	12.22	0	8791	2341	93	0	0	0	0	11225	149.61	34.24	15.65	54.02	37.03	58.42	51.43	1.76	41.49	12.89
7/10/2019 10:43:24 PM	0.00	8.97	5.28	2.76	0.00	0.00	0.00	1.56	17.01	86.02	7.84	12.31	0	8973	2375	83	0	0	0	0	11431	149.93	33.11	15.18	53.97	36.62	58.14	50.52	1.77	41.44	12.90
7/10/2019 10:43:27 PM	0.15	9.75	5.89	2.25	0.00	0.00	0.00	1.56	18.04	85.89	7.91	12.53	82	9754	2649	67	0	0	0	0	12552	149.71	33.69	15.91	57.22	37.66	59.97	51.80	1.77	41.35	12.92
7/10/2019 10:43:29 PM	0.91	8.89	4.12	3.49	0.00	0.00	0.00	1.61	17.41	85.80	7.97	12.28	482	8894	1856	105	0	0	0	0	11337	149.56	33.28	15.42	54.81	37.74	60.47	52.02	1.78	41.31	12.90
7/10/2019 10:43:31 PM	0.48	9.90	5.19	3.38	0.00	0.00	0.00	1.70	18.95	85.43	8.07	11.31	255	9899	2335	101	0	0	0	0	12591	148.91	36.26	17.01	59.98	40.42	64.89	55.89	1.79	41.22	12.90
7/10/2019 10:43:34 PM	1.07	11.50	5.19	3.70	0.00	0.00	0.00	1.75	21.46	85.11	8.17	10.55	567	11505	2335	111	0	0	0	0	14518	148.36	39.10	18.52	68.26	43.57	73.75	60.15	1.80	41.18	12.87
7/10/2019 10:43:36 PM	1.17	12.36	4.86	3.39	0.00	0.00	0.00	1.72	21.79	84.76	8.26	10.38	623	12363	2185	102	0	0	0	0	15272	147.75	38.03	18.63	71.09	42.93	75.93	57.71	1.81	41.09	12.90
7/10/2019 10:43:39 PM	1.27	13.56	4.84	3.09	0.00	0.00	0.00	1.72	22.77	84.81	8.31	10.40	673	13565	2179	93	0	0	0	0	16510	147.84	38.08	19.81	76.06	43.46	79.60	57.07	1.81	41.04	12.87
7/10/2019 10:43:41 PM	0.89	13.88	4.63	2.67	0.00	0.00	0.00	1.69	22.07	84.62	8.38	10.48	472	13878	2085	80	0	0	0	0	16515	147.51	36.21	19.07	75.82	41.73	78.83	52.92	1.82	40.97	12.87
7/10/2019 10:43:43 PM	1.28	13.94	3.68	2.97	0.00	0.00	0.00	1.65	21.87	84.58	8.47	10.75	680	13935	1656	89	0	0	0	0	16361	147.42	35.07	18.69	75.94	40.79	79.82	50.98	1.83	40.88	12.86
7/10/2019 10:43:46 PM	1.19	15.04	4.00	2.48	0.00	0.00	0.00	1.56	22.71	84.47	8.55	10.88	632	15038	1801	74	0	0	0	0	17545	147.25	34.88	19.12	79.95	40.20	82.71	49.54	1.84	40.80	12.86
7/10/2019 10:43:48 PM	0.92	15.91	3.67	2.48	0.00	0.00	0.00	1.50	22.97	84.05	8.63	10.71	486	15907	1652	74	0	0	0	0	18120	146.51	34.49	19.69	83.26	39.29	85.76	47.02	1.85	40.71	12.86
7/10/2019 10:43:51 PM	0.32	14.92	3.29	2.20	0.00	0.00	0.00	1.60	20.73	83.91	8.70	10.73	171	14921	1480	66	0	0	0	0	16637	146.27	31.83	17.97	77.27	37.64	79.78	42.72	1.85	40.64	12.85
7/10/2019 10:43:53 PM	0.54	15.86	3.32	1.37	0.00	0.00	0.00	1.39	21.11	83.73	8.76	10.90	289	15864	1496	41	0	0	0	0	17690	145.95	29.66	17.58	79.67	35.05	80.62	38.53	1.86	40.57	12.84
7/10/2019 10:43:55 PM	0.44	16.65	4.54	0.00	0.00	0.00	0.00	1.33	21.63	83.78	8.84	10.55	232	16654	2042	0	0	0	0	0	18928	146.04	28.67	17.41	81.54	34.59	79.18	37.29	1.87	40.51	12.83
7/10/2019 10:43:58 PM	0.00	17.04	3.92	0.29	0.00	0.00	0.00	1.36	21.25	83.52	8.93	10.02	0	17042	1764	9	0	0	0	0	18814	145.59	28.26	17.62	82.69	34.06	81.28	34.85	1.88	40.42	12.82
7/10/2019 10:44:00 PM	0.15	17.18	2.21	0.00	0.00	0.00	0.00	1.22	19.55	83.42	9.07	9.61	82	17182	996	0	0	0	0	0	18259	145.42	23.19	16.06	81.61	29.49	78.33	25.45	1.89	40.34	12.82
7/10/2019 10:44:02 PM	0.30	18.17	1.31	0.00	0.00	0.00	0.00	1.12	19.78	82.40	9.21	9.30	160	18165	589	0	0	0	0	0	18914	143.64	21.71	16.44	85.92	27.82	80.81	21.41	1.90	40.25	12.82
7/10/2019 10:44:05 PM	0.25	18.05	1.52	0.00	0.00	0.00	0.00	1.12	19.82	82.25	9.35	9.32	130	18051	686	0	0	0	0	0	18867	143.37	22.03	16.32	84.71	27.99	81.44	22.13	1.92	40.18	12.81
7/10/2019 10:44:07 PM	0.24	18.39	1.19	0.00	0.00	0.00	0.00	1.07	19.81	82.08	9.48	9.40	125	18385	537	0	0	0	0	0	19047	143.08	21.41	16.39	86.13	27.20	82.17	20.38	1.93	40.09	12.78
7/10/2019 10:44:10 PM	0.41	18.37	1.05	0.00	0.00	0.00	0.00	1.06	19.82	82.28	9.57	9.30	217	18369	471	0	0	0	0	0	19057	143.42	21.06	16.15	85.31	27.00	82.88	20.17	1.94	40.01	12.77
7/10/2019 10:44:12 PM	0.75	19.10	0.56	0.00	0.00	0.00	0.00	1.04	20.40	81.95	9.69	9.49	397	19096	250	0	0	0	0	0	19743	142.85	20.75	16.43	89.29	27.08	84.76	19.23	1.95	39.92	12.78
7/10/2019 10:44:14 PM	0.24	19.42	0.90	0.00	0.00	0.00	0.00	1.08	20.56	82.09	9.85	9.42	125	19420	406	0	0	0	0	0	19952	143.09	21.54	16.92	89.60	27.57	87.20	19.55	1.97	39.84	12.75
7/10/2019 10:44:17 PM	0.19	20.64	0.61	0.00	0.00	0.00	0.00	1.08	21.45	81.87	9.95	9.29	102	20642	275	0	0	0	0	0	21019	142.71	21.84	17.99	95.18	27.93	91.54	18.52	1.97	39.74	12.75
7/10/2019 10:44:19 PM	0.22	21.48	0.65	0.00	0.00	0.00	0.00	1.03	22.34	81.57	10.05	9.43	116	21481	290	0	0	0	0	0	21887	142.20	22.62	18.68	100.17	28.19	93.87	18.64	1.98	39.66	12.75
7/10/2019 10:44:22 PM	0.24	21.12	0.56	0.00	0.00	0.00	0.00	1.05	21.92	81.91	10.15	9.31	127	21118	252	0	0	0	0	0	21497	142.78	22.09	18.17	97.48	27.93	93.34	18.34	1.99	39.57	12.72
7/10/2019 10:44:24 PM	1.18	22.07	0.16	0.00	0.00	0.00	0.00	0.99	23.40	81.70	10.27	9.22	624	22070	70	0	0	0	0	0	22764	142.42	22.52	18.40	103.92	28.70	95.87	19.38	2.01	39.50	12.72
7/10/2019 10:44:26 PM	0.41	21.88	0.53	0.00	0.00	0.00	0.00	1.02	22.81	81.10	10.45	9.03	216	21878	238	0	0	0	0	0	22331	141.36	22.73	18.56	101.36	28.42	96.31	18.77	2.02	39.41	12.71
7/10/2019 10:44:29 PM	0.00	21.46	0.56	0.18	0.00	0.00	0.00	1.05	22.20	81.48	10.55	8.72	0	21456	254	5	0	0	0	0	21715	142.02	22.81	18.69	98.25	28.19	96.27	18.44	2.03	39.33	12.69
7/10/2019 10:44:31 PM	0.37	22.74	0.45	0.00	0.00	0.00	0.00	1.04	23.56	81.48	10.58	8.74	196	22739	204	0	0	0	0	0	23139	142.03	23.25	19.86	105.34	29.10	99.52	18.77	2.04	39.23	12.68
7/10/2019 10:44:33 PM	0.43	21.69	0.29	0.00	0.00	0.00	0.00	1.01	22.41	81.55	10.67	9.08	226	21693	129	0	0	0	0	0	22048	142.15	21.98	18.68	100.67	27.82	94.82	17.64	2.05	39.15	12.67
7/10/2019 10:44:36 PM	0.36	20.70	0.36	0.00	0.00	0.00	0.00	1.01	21.42	81.43	10.79	8.98	191	20701	161	0	0	0	0	0	21052	141.94	21.27	17.64	95.73	27.07	91.20	17.39	2.06	39.06	12.67
7/10/2019 10:44:38 PM	0.10	22.00	0.55	0.00	0.00	0.00	0.00	1.04	22.65	80.82	10.84	8.88	53	21998	248	0	0	0	0	0	22299	140.89	22.61	19.23	101.00	28.25	97.20	18.04	2.06	38.96	12.67
7/10/2019 10:44:41 PM	0.37	22.77	0.42	0.00	0.00	0.00	0.00	1.01	23.56	80.78	10.96	9.26	199	22766	191	0	0	0	0	0	23155	140.82	23.19	19.58	105.97	28.72	99.05	18.37	2.07	38.87	12.65
7/10/2019 10:44:43 PM	0.72	23.93	0.34	0.00	0.00	0.00	0.00	0.96	24.98	80.89	11.06	9.16	382	23928	151	0	0	0	0	0	24461	141.01	24.08	21.33	112.92	29.46	102.35	19.06	2.08	38.78	12.62
7/10/2019 10:44:45 PM	0.10	23.93	0.60	0.00	0.00	0.00	0.00	1.07	24.64	80.68	11.16	9.02	55	23928	272	0	0	0	0	0	24254	140.64	24.45	20.90	109.99	30.15	105.17	19.21	2.09	38.70	12.61
7/10/2019 10:44:48 PM	0.85	26.26	0.07	0.00	0.00	0.00	0.00	0.99	27.18	80.09	11.25	9.00	453	26258	33	0	0	0	0	0	26743	139.61	25.50	22.87	122.56	31.26	112.83	19.37	2.10	38.62	12.61
7/10/2019 10:44:50 PM	0.27	25.81	0.55	0.00	0.00	0.00	0.00	1.08	26.63	80.09	11.34	8.70	144	25810	248	0	0	0	0	0	26202	139.60	26.06	22.11	118.85	31.79	112.95	20.19	2.11	38.52	12.60
