Date/Time	Green Algae	Bluegreen	Diatoms	Cryptophyta	#5	#6	#7	Yellow substances	Total conc.	Transmission	Depth	Temp. Sample	Green Algae	Bluegreen	Diatoms	Cryptophyta	#5	#6	#7	Yellow substances	Total cell count	Trans. 700 nm	LED 3 [525 nm]	LED 4 [570 nm]	LED 5 [610 nm]	LED 6 [370 nm]	LED 7 [590 nm]	LED 8 [470 nm]	Pressure	Temp. LEDs	Temp. Sensor
date	µg/l	µg/l	µg/l	µg/l	µg/l	µg/l	µg/l	r.u.	µg/l	%	m	°C	cells/ml	cells/ml	cells/ml	cells/ml	cells/ml	cells/ml	cells/ml	r.u.	cells/ml	digits	digits	digits	digits	digits	digits	digits	bar	°C	°C
7/11/2019 4:52:56 AM	0.80	0.95	0.66	0.01	0.00	0.00	0.00	0.54	2.43	95.76	0.22	26.05	426	950	299	0	0	0	0	0	1676	166.90	4.67	1.61	7.02	8.44	8.59	9.79	1.02	35.21	11.09
7/11/2019 4:52:58 AM	0.70	0.74	0.64	0.16	0.00	0.00	0.00	0.55	2.24	96.21	0.28	25.88	373	737	289	5	0	0	0	0	1404	167.69	4.87	1.62	6.31	8.46	8.16	10.02	1.03	35.33	11.07
7/11/2019 4:53:01 AM	0.96	0.69	0.60	0.04	0.00	0.00	0.00	0.51	2.29	97.86	0.41	25.88	511	689	269	1	0	0	0	0	1470	170.56	4.41	1.36	5.95	8.13	7.67	9.82	1.04	35.42	11.11
7/11/2019 4:53:03 AM	0.85	0.68	0.62	0.04	0.00	0.00	0.00	0.53	2.19	98.57	0.53	26.09	452	677	277	1	0	0	0	0	1407	171.79	4.42	1.51	5.90	8.18	7.47	9.69	1.05	35.48	11.09
7/11/2019 4:53:05 AM	0.83	0.74	0.70	0.00	0.00	0.00	0.00	0.51	2.27	98.53	0.59	26.19	438	744	315	0	0	0	0	0	1497	171.73	4.49	1.52	6.24	8.10	7.56	9.68	1.06	35.56	11.11
7/11/2019 4:53:08 AM	0.81	0.84	0.74	0.00	0.00	0.00	0.00	0.51	2.39	93.55	0.62	26.21	427	840	334	0	0	0	0	0	1601	163.06	4.66	1.66	6.79	8.18	7.88	9.80	1.06	35.66	11.13
7/11/2019 4:53:10 AM	0.98	0.62	0.50	0.07	0.00	0.00	0.00	0.52	2.17	98.95	0.74	26.17	522	617	224	2	0	0	0	0	1365	172.47	4.25	1.39	5.66	8.13	7.36	9.67	1.07	35.76	11.12
7/11/2019 4:53:13 AM	0.92	0.68	0.58	0.00	0.00	0.00	0.00	0.52	2.18	99.17	0.81	26.12	488	683	260	0	0	0	0	0	1430	172.84	4.24	1.31	5.83	8.10	7.38	9.52	1.08	35.84	11.12
7/11/2019 4:53:15 AM	1.03	0.67	0.55	0.02	0.00	0.00	0.00	0.52	2.27	98.90	0.85	26.10	546	668	248	1	0	0	0	0	1463	172.38	4.26	1.38	5.84	8.16	7.46	9.78	1.08	35.91	11.12
7/11/2019 4:53:17 AM	0.89	0.71	0.63	0.00	0.00	0.00	0.00	0.52	2.23	98.92	0.88	26.05	474	709	282	0	0	0	0	0	1464	172.41	4.35	1.38	6.01	8.09	7.47	9.60	1.09	36.01	11.15
7/11/2019 4:53:20 AM	0.87	0.69	0.61	0.00	0.00	0.00	0.00	0.52	2.17	98.69	0.96	25.85	458	688	277	0	0	0	0	0	1423	172.01	4.30	1.31	5.82	8.09	7.42	9.51	1.09	36.08	11.16
7/11/2019 4:53:22 AM	0.89	0.63	0.66	0.05	0.00	0.00	0.00	0.50	2.24	99.15	1.06	25.58	474	627	299	2	0	0	0	0	1402	172.82	4.48	1.43	5.74	8.01	7.41	9.84	1.10	36.18	11.15
7/11/2019 4:53:24 AM	0.77	0.68	0.72	0.00	0.00	0.00	0.00	0.53	2.16	98.66	1.14	25.71	406	677	323	0	0	0	0	0	1406	171.95	4.51	1.34	5.84	8.20	7.36	9.71	1.11	36.24	11.17
7/11/2019 4:53:27 AM	0.77	0.63	0.67	0.05	0.00	0.00	0.00	0.54	2.12	97.93	1.22	26.02	409	635	303	1	0	0	0	0	1348	170.69	4.53	1.47	5.70	8.32	7.33	9.82	1.12	36.32	11.17
7/11/2019 4:53:29 AM	0.88	0.62	0.54	0.08	0.00	0.00	0.00	0.54	2.13	97.99	1.30	26.05	465	624	243	3	0	0	0	0	1335	170.79	4.37	1.43	5.68	8.23	7.40	9.69	1.13	36.42	11.19
7/11/2019 4:53:32 AM	0.80	0.65	0.61	0.07	0.00	0.00	0.00	0.54	2.13	97.99	1.35	26.12	423	647	274	2	0	0	0	0	1346	170.79	4.48	1.49	5.77	8.29	7.43	9.74	1.13	36.50	11.18
7/11/2019 4:53:34 AM	0.96	0.59	0.49	0.14	0.00	0.00	0.00	0.52	2.18	97.94	1.43	26.02	508	591	220	4	0	0	0	0	1323	170.71	4.42	1.44	5.66	8.18	7.51	9.85	1.14	36.56	11.20
7/11/2019 4:53:36 AM	0.81	0.72	0.80	0.00	0.00	0.00	0.00	0.53	2.33	97.96	1.50	25.87	430	717	361	0	0	0	0	0	1509	170.74	4.76	1.41	6.10	8.43	7.72	10.24	1.15	36.69	11.22
7/11/2019 4:53:39 AM	0.88	0.66	0.67	0.04	0.00	0.00	0.00	0.53	2.25	97.81	1.57	25.80	464	661	303	1	0	0	0	0	1429	170.48	4.57	1.43	5.86	8.36	7.54	10.05	1.15	36.77	11.22
7/11/2019 4:53:41 AM	0.77	0.64	0.71	0.06	0.00	0.00	0.00	0.51	2.18	97.53	1.65	25.68	408	635	322	2	0	0	0	0	1366	170.00	4.61	1.44	5.75	8.10	7.47	9.84	1.16	36.84	11.23
7/11/2019 4:53:43 AM	0.73	0.64	0.63	0.03	0.00	0.00	0.00	0.53	2.04	94.71	1.74	25.62	386	639	285	1	0	0	0	0	1312	165.08	4.35	1.43	5.61	8.05	7.22	9.37	1.17	36.95	11.26
7/11/2019 4:53:46 AM	0.74	0.66	0.76	0.00	0.00	0.00	0.00	0.54	2.16	93.79	1.81	25.67	392	656	340	0	0	0	0	0	1388	163.47	4.58	1.41	5.74	8.29	7.34	9.86	1.18	37.02	11.25
7/11/2019 4:53:48 AM	0.92	0.58	0.56	0.11	0.00	0.00	0.00	0.53	2.19	99.29	1.85	25.75	490	585	253	3	0	0	0	0	1332	173.05	4.49	1.41	5.62	8.25	7.43	9.98	1.18	37.10	11.26
7/11/2019 4:53:51 AM	0.73	0.65	0.62	0.04	0.00	0.00	0.00	0.55	2.03	99.34	1.90	25.88	386	647	279	1	0	0	0	0	1313	173.14	4.37	1.43	5.64	8.19	7.26	9.44	1.19	37.20	11.28
7/11/2019 4:53:53 AM	0.91	0.59	0.59	0.12	0.00	0.00	0.00	0.53	2.21	99.35	1.93	25.95	483	587	264	4	0	0	0	0	1337	173.17	4.56	1.43	5.66	8.27	7.48	10.06	1.19	37.28	11.30
7/11/2019 4:53:55 AM	0.82	0.64	0.69	0.04	0.00	0.00	0.00	0.55	2.19	99.48	2.00	25.82	434	644	310	1	0	0	0	0	1389	173.39	4.61	1.32	5.73	8.44	7.51	10.06	1.20	37.34	11.28
7/11/2019 4:53:58 AM	0.86	0.64	0.63	0.05	0.00	0.00	0.00	0.53	2.18	99.42	2.05	25.71	456	641	285	1	0	0	0	0	1384	173.28	4.47	1.38	5.73	8.27	7.44	9.85	1.20	37.45	11.31
7/11/2019 4:54:00 AM	0.83	0.67	0.66	0.02	0.00	0.00	0.00	0.54	2.17	99.37	2.14	25.73	439	671	296	0	0	0	0	0	1407	173.19	4.46	1.43	5.81	8.32	7.41	9.80	1.21	37.54	11.36
7/11/2019 4:54:03 AM	0.70	0.63	0.57	0.09	0.00	0.00	0.00	0.56	2.00	99.39	2.18	25.80	373	633	256	3	0	0	0	0	1265	173.23	4.42	1.48	5.65	8.26	7.35	9.46	1.21	37.62	11.34
7/11/2019 4:54:05 AM	0.87	0.66	0.64	0.03	0.00	0.00	0.00	0.54	2.19	99.30	2.25	25.76	459	658	286	1	0	0	0	0	1403	173.08	4.45	1.47	5.81	8.31	7.40	9.85	1.22	37.72	11.34
7/11/2019 4:54:07 AM	0.90	0.62	0.62	0.09	0.00	0.00	0.00	0.51	2.22	99.48	2.35	25.78	477	619	277	3	0	0	0	0	1376	173.39	4.53	1.35	5.71	8.16	7.56	9.94	1.23	37.81	11.37
7/11/2019 4:54:10 AM	0.81	0.66	0.69	0.09	0.00	0.00	0.00	0.53	2.24	99.39	2.44	26.03	430	658	309	3	0	0	0	0	1399	173.23	4.70	1.54	5.94	8.35	7.64	10.10	1.24	37.90	11.37
7/11/2019 4:54:12 AM	0.90	0.64	0.73	0.06	0.00	0.00	0.00	0.53	2.33	99.44	2.53	26.20	478	637	330	2	0	0	0	0	1447	173.32	4.78	1.41	5.86	8.48	7.65	10.46	1.25	37.99	11.37
7/11/2019 4:54:14 AM	0.78	0.63	0.65	0.10	0.00	0.00	0.00	0.55	2.17	99.32	2.60	26.17	416	631	293	3	0	0	0	0	1343	173.11	4.68	1.40	5.75	8.41	7.61	10.03	1.25	38.06	11.38
7/11/2019 4:54:17 AM	0.79	0.66	0.71	0.04	0.00	0.00	0.00	0.54	2.21	99.50	2.68	25.89	419	664	318	1	0	0	0	0	1402	173.42	4.62	1.50	5.87	8.35	7.50	9.98	1.26	38.15	11.40
7/11/2019 4:54:19 AM	0.94	0.60	0.67	0.12	0.00	0.00	0.00	0.54	2.33	99.54	2.76	25.84	498	603	300	3	0	0	0	0	1405	173.50	4.80	1.45	5.81	8.56	7.67	10.57	1.27	38.23	11.41
7/11/2019 4:54:22 AM	0.83	0.63	0.68	0.10	0.00	0.00	0.00	0.56	2.23	99.44	2.80	26.02	439	626	306	3	0	0	0	0	1374	173.32	4.77	1.49	5.82	8.62	7.60	10.36	1.27	38.32	11.42
7/11/2019 4:54:24 AM	0.77	0.65	0.67	0.08	0.00	0.00	0.00	0.55	2.17	99.45	2.87	26.00	410	648	303	2	0	0	0	0	1363	173.34	4.67	1.46	5.82	8.45	7.56	10.03	1.28	38.42	11.44
7/11/2019 4:54:26 AM	0.82	0.62	0.66	0.10	0.00	0.00	0.00	0.56	2.22	99.47	2.93	25.89	437	625	299	3	0	0	0	0	1363	173.36	4.76	1.42	5.78	8.60	7.63	10.31	1.29	38.49	11.45
7/11/2019 4:54:29 AM	0.95	0.55	0.60	0.23	0.00	0.00	0.00	0.54	2.33	99.42	2.98	25.89	502	553	268	7	0	0	0	0	1329	173.29	4.96	1.54	5.80	8.62	7.85	10.78	1.29	38.58	11.46
7/11/2019 4:54:31 AM	1.16	0.58	0.59	0.23	0.00	0.00	0.00	0.53	2.56	99.19	3.03	25.88	617	578	265	7	0	0	0	0	1466	172.88	5.04	1.63	6.08	8.83	8.07	11.35	1.30	38.67	11.46
7/11/2019 4:54:34 AM	1.63	0.74	0.87	0.04	0.00	0.00	0.00	0.51	3.28	99.13	3.09	25.87	861	745	390	1	0	0	0	0	1997	172.78	5.51	1.66	7.04	9.60	8.76	13.18	1.30	38.75	11.49
7/11/2019 4:54:36 AM	1.20	0.66	0.88	0.10	0.00	0.00	0.00	0.48	2.84	99.13	3.15	25.93	635	660	395	3	0	0	0	0	1694	172.78	5.31	1.69	6.48	8.76	8.21	11.86	1.31	38.83	11.49
7/11/2019 4:54:38 AM	1.14	0.67	0.90	0.11	0.00	0.00	0.00	0.51	2.82	98.99	3.21	25.99	606	669	403	3	0	0	0	0	1681	172.53	5.43	1.74	6.53	9.01	8.28	12.02	1.31	38.91	11.50
7/11/2019 4:54:41 AM	1.24	0.62	0.93	0.15	0.00	0.00	0.00	0.49	2.94	98.99	3.25	25.97	655	621	420	5	0	0	0	0	1700	172.54	5.63	1.69	6.48	9.07	8.39	12.52	1.32	39.02	11.53
7/11/2019 4:54:43 AM	1.15	0.61	0.81	0.23	0.00	0.00	0.00	0.53	2.79	98.64	3.31	25.80	608	605	363	7	0	0	0	0	1584	171.93	5.58	1.76	6.42	9.19	8.41	12.27	1.32	39.09	11.53
7/11/2019 4:54:45 AM	1.21	0.68	0.88	0.14	0.00	0.00	0.00	0.50	2.90	99.17	3.36	25.67	642	681	394	4	0	0	0	0	1721	172.84	5.48	1.78	6.68	9.02	8.44	12.18	1.33	39.16	11.55
7/11/2019 4:54:48 AM	1.20	0.71	0.94	0.05	0.00	0.00	0.00	0.53	2.90	99.12	3.41	25.61	633	715	423	2	0	0	0	0	1773	172.76	5.47	1.67	6.67	9.29	8.36	12.29	1.33	39.24	11.55
7/11/2019 4:54:50 AM	1.42	0.60	0.74	0.19	0.00	0.00	0.00	0.51	2.93	99.23	3.45	25.61	751	596	331	6	0	0	0	0	1683	172.95	5.38	1.66	6.41	9.17	8.35	12.47	1.34	39.31	11.56
7/11/2019 4:54:53 AM	1.33	0.64	0.81	0.15	0.00	0.00	0.00	0.52	2.93	99.24	3.49	25.53	707	645	362	5	0	0	0	0	1718	172.96	5.45	1.72	6.57	9.24	8.41	12.44	1.34	39.41	11.58
7/11/2019 4:54:55 AM	1.42	0.70	0.90	0.06	0.00	0.00	0.00	0.51	3.08	99.25	3.57	25.46	752	695	407	2	0	0	0	0	1856	172.99	5.49	1.71	6.76	9.41	8.44	12.77	1.35	39.50	11.58
7/11/2019 4:54:57 AM	1.35	0.61	0.86	0.13	0.00	0.00	0.00	0.55	2.94	99.38	3.61	25.42	717	608	386	4	0	0	0	0	1715	173.22	5.56	1.68	6.43	9.62	8.25	12.88	1.35	39.55	11.61
7/11/2019 4:55:00 AM	1.52	0.68	0.79	0.07	0.00	0.00	0.00	0.55	3.07	99.31	3.66	25.34	807	685	355	2	0	0	0	0	1849	173.10	5.40	1.72	6.74	9.78	8.40	12.96	1.36	39.66	11.60
7/11/2019 4:55:02 AM	1.46	0.65	0.75	0.14	0.00	0.00	0.00	0.56	3.00	98.82	3.74	25.24	772	648	339	4	0	0	0	0	1763	172.24	5.48	1.73	6.63	9.76	8.44	12.91	1.37	39.72	11.61
7/11/2019 4:55:04 AM	1.79	0.63	0.63	0.13	0.00	0.00	0.00	0.57	3.18	99.33	3.80	25.05	950	632	284	4	0	0	0	0	1869	173.13	5.35	1.72	6.70	10.07	8.47	13.45	1.37	39.79	11.62
7/11/2019 4:55:07 AM	1.64	0.65	0.81	0.08	0.00	0.00	0.00	0.57	3.17	99.28	3.84	24.86	868	654	363	2	0	0	0	0	1887	173.04	5.54	1.63	6.69	10.09	8.48	13.53	1.38	39.88	11.66
7/11/2019 4:55:09 AM	1.71	0.67	0.72	0.08	0.00	0.00	0.00	0.60	3.18	99.09	3.89	24.77	905	674	323	3	0	0	0	0	1905	172.70	5.49	1.74	6.83	10.39	8.52	13.66	1.38	39.94	11.66
7/11/2019 4:55:12 AM	1.99	0.78	0.78	0.00	0.00	0.00	0.00	0.67	3.55	99.22	3.94	24.45	1052	783	351	0	0	0	0	0	2187	172.94	5.82	1.80	7.55	11.52	8.89	15.03	1.39	40.00	11.68
7/11/2019 4:55:14 AM	1.90	0.78	0.82	0.00	0.00	0.00	0.00	0.68	3.50	99.28	3.99	24.10	1007	782	370	0	0	0	0	0	2159	173.03	5.91	1.82	7.43	11.65	8.97	15.08	1.39	40.11	11.70
7/11/2019 4:55:16 AM	2.13	0.73	0.78	0.02	0.00	0.00	0.00	0.67	3.66	98.99	4.05	23.83	1130	725	351	1	0	0	0	0	2207	172.53	5.95	1.76	7.35	11.80	9.01	15.65	1.40	40.17	11.71
7/11/2019 4:55:19 AM	2.38	0.70	0.74	0.03	0.00	0.00	0.00	0.65	3.85	99.20	4.09	23.58	1262	697	334	1	0	0	0	0	2294	172.90	5.91	1.81	7.41	11.80	9.02	16.06	1.40	40.24	11.71
7/11/2019 4:55:21 AM	2.44	0.74	0.70	0.00	0.00	0.00	0.00	0.67	3.88	99.35	4.12	23.43	1291	740	315	0	0	0	0	0	2346	173.15	5.85	1.83	7.56	12.01	9.10	16.12	1.40	40.32	11.73
7/11/2019 4:55:24 AM	2.79	0.66	0.70	0.16	0.00	0.00	0.00	0.64	4.31	99.49	4.19	23.08	1478	659	315	5	0	0	0	0	2457	173.41	6.44	2.02	7.86	12.47	9.69	17.74	1.41	40.37	11.75
7/11/2019 4:55:26 AM	2.47	0.66	0.56	0.17	0.00	0.00	0.00	0.63	3.86	99.24	4.25	22.42	1308	662	252	5	0	0	0	0	2227	172.97	5.91	2.04	7.53	11.69	9.24	16.05	1.42	40.43	11.77
7/11/2019 4:55:28 AM	2.70	0.65	0.56	0.24	0.00	0.00	0.00	0.64	4.14	98.09	4.32	22.13	1433	645	250	7	0	0	0	0	2335	170.97	6.27	2.04	7.76	12.21	9.71	17.15	1.42	40.51	11.77
7/11/2019 4:55:31 AM	2.34	0.60	0.70	0.29	0.00	0.00	0.00	0.60	3.92	99.43	4.40	21.69	1239	600	314	9	0	0	0	0	2162	173.31	6.39	2.08	7.49	11.52	9.51	16.44	1.43	40.56	11.79
7/11/2019 4:55:33 AM	2.33	0.66	0.85	0.18	0.00	0.00	0.00	0.60	4.02	98.82	4.43	21.20	1234	664	382	5	0	0	0	0	2286	172.25	6.47	2.07	7.68	11.66	9.50	16.65	1.43	40.61	11.79
7/11/2019 4:55:35 AM	2.33	0.75	0.92	0.10	0.00	0.00	0.00	0.62	4.10	99.18	4.50	21.31	1235	750	414	3	0	0	0	0	2402	172.87	6.52	2.15	8.00	11.96	9.61	16.84	1.44	40.67	11.81
7/11/2019 4:55:38 AM	2.07	0.74	1.00	0.12	0.00	0.00	0.00	0.65	3.93	98.78	4.55	21.68	1097	744	450	3	0	0	0	0	2295	172.16	6.67	2.12	7.86	12.00	9.55	16.62	1.45	40.73	11.80
7/11/2019 4:55:40 AM	1.97	0.72	0.94	0.16	0.00	0.00	0.00	0.63	3.80	99.43	4.61	21.47	1045	723	423	5	0	0	0	0	2196	173.30	6.54	2.14	7.73	11.65	9.46	16.09	1.45	40.81	11.85
7/11/2019 4:55:43 AM	2.16	0.63	0.69	0.33	0.00	0.00	0.00	0.68	3.80	99.21	4.69	20.79	1143	632	309	10	0	0	0	0	2093	172.92	6.62	2.17	7.61	12.17	9.68	16.64	1.46	40.83	11.85
7/11/2019 4:55:45 AM	2.01	0.69	0.95	0.17	0.00	0.00	0.00	0.61	3.82	99.51	4.72	20.25	1064	688	429	5	0	0	0	0	2187	173.45	6.56	2.08	7.61	11.55	9.41	16.17	1.46	40.90	11.87
7/11/2019 4:55:47 AM	1.91	0.71	0.87	0.27	0.00	0.00	0.00	0.70	3.76	98.23	4.77	20.20	1012	714	390	8	0	0	0	0	2124	171.21	6.85	2.13	7.79	12.31	9.84	16.59	1.47	40.94	11.87
7/11/2019 4:55:50 AM	1.84	0.75	0.93	0.16	0.00	0.00	0.00	0.64	3.68	98.13	4.83	20.40	976	747	419	5	0	0	0	0	2147	171.03	6.50	2.10	7.71	11.59	9.48	15.75	1.47	40.99	11.89
7/11/2019 4:55:52 AM	1.83	0.75	1.09	0.22	0.00	0.00	0.00	0.67	3.89	99.46	4.89	20.10	972	748	490	6	0	0	0	0	2216	173.35	7.11	2.29	8.02	12.20	9.85	16.85	1.48	41.04	11.90
7/11/2019 4:55:55 AM	1.69	0.73	0.99	0.25	0.00	0.00	0.00	0.68	3.65	98.48	4.93	19.58	894	726	444	7	0	0	0	0	2072	171.65	6.90	2.18	7.75	11.99	9.70	16.17	1.48	41.10	11.89
7/11/2019 4:55:57 AM	1.75	0.77	0.98	0.23	0.00	0.00	0.00	0.64	3.74	99.32	4.97	19.70	930	771	441	7	0	0	0	0	2149	173.11	6.80	2.28	7.97	11.65	9.81	15.97	1.49	41.13	11.92
7/11/2019 4:55:59 AM	1.78	0.67	0.84	0.31	0.00	0.00	0.00	0.65	3.61	99.35	5.03	19.72	945	670	379	9	0	0	0	0	2004	173.16	6.68	2.22	7.59	11.66	9.59	15.87	1.49	41.17	11.93
7/11/2019 4:56:02 AM	1.24	0.91	1.27	0.12	0.00	0.00	0.00	0.79	3.54	98.77	5.07	19.63	658	908	570	4	0	0	0	0	2140	172.15	7.33	2.33	8.25	12.88	9.92	16.35	1.50	41.22	11.95
7/11/2019 4:56:04 AM	1.44	0.83	1.12	0.23	0.00	0.00	0.00	0.75	3.63	99.11	5.15	19.52	766	835	505	7	0	0	0	0	2112	172.75	7.29	2.40	8.19	12.69	10.01	16.53	1.50	41.25	11.94
7/11/2019 4:56:06 AM	1.59	0.70	1.26	0.29	0.00	0.00	0.00	0.65	3.83	99.42	5.18	19.32	840	699	565	9	0	0	0	0	2114	173.29	7.48	2.42	7.93	12.00	9.86	16.92	1.51	41.30	11.97
7/11/2019 4:56:09 AM	1.39	0.64	1.04	0.38	0.00	0.00	0.00	0.64	3.44	99.37	5.25	19.45	735	638	468	11	0	0	0	0	1852	173.20	7.07	2.24	7.43	11.39	9.62	15.65	1.51	41.32	11.98
7/11/2019 4:56:11 AM	1.35	0.70	1.09	0.31	0.00	0.00	0.00	0.65	3.46	99.30	5.31	18.99	718	702	492	9	0	0	0	0	1921	173.07	7.05	2.36	7.65	11.50	9.59	15.61	1.52	41.35	11.99
7/11/2019 4:56:14 AM	1.26	0.72	1.15	0.31	0.00	0.00	0.00	0.64	3.45	99.28	5.34	18.55	669	724	518	9	0	0	0	0	1920	173.03	7.13	2.33	7.70	11.35	9.70	15.48	1.52	41.41	12.00
7/11/2019 4:56:16 AM	1.14	0.68	1.14	0.46	0.00	0.00	0.00	0.72	3.42	99.44	5.39	18.95	605	677	515	14	0	0	0	0	1811	173.31	7.68	2.44	7.74	12.24	10.06	16.35	1.53	41.42	12.02
7/11/2019 4:56:18 AM	1.13	0.62	1.14	0.48	0.00	0.00	0.00	0.66	3.38	98.61	5.46	18.67	601	625	515	14	0	0	0	0	1755	171.87	7.52	2.41	7.52	11.58	9.86	15.88	1.53	41.46	12.00
7/11/2019 4:56:21 AM	1.06	0.64	0.95	0.56	0.00	0.00	0.00	0.64	3.21	99.26	5.50	17.77	560	644	429	17	0	0	0	0	1650	173.00	7.23	2.47	7.53	11.10	9.94	15.00	1.54	41.48	12.02
7/11/2019 4:56:23 AM	0.92	0.66	1.16	0.48	0.00	0.00	0.00	0.62	3.21	99.18	5.55	17.61	487	663	520	14	0	0	0	0	1684	172.87	7.34	2.56	7.56	10.91	9.74	14.94	1.54	41.49	12.04
7/11/2019 4:56:25 AM	1.21	0.64	0.89	0.61	0.00	0.00	0.00	0.63	3.36	99.13	5.61	17.52	642	644	401	18	0	0	0	0	1706	172.77	7.33	2.48	7.70	11.18	10.27	15.38	1.55	41.53	12.04
7/11/2019 4:56:28 AM	0.62	0.86	1.56	0.55	0.00	0.00	0.00	0.71	3.59	99.07	5.68	17.32	326	858	702	17	0	0	0	0	1903	172.68	8.75	2.98	8.79	12.35	11.10	16.84	1.56	41.53	12.06
7/11/2019 4:56:30 AM	0.69	0.78	1.30	0.58	0.00	0.00	0.00	0.64	3.36	99.21	5.72	17.23	368	784	586	17	0	0	0	0	1755	172.92	8.02	2.76	8.27	11.28	10.67	15.48	1.56	41.55	12.06
7/11/2019 4:56:33 AM	0.80	0.80	1.41	0.57	0.00	0.00	0.00	0.65	3.57	99.09	5.81	16.88	424	795	635	17	0	0	0	0	1871	172.71	8.35	2.84	8.51	11.72	10.88	16.34	1.57	41.56	12.08
7/11/2019 4:56:35 AM	0.51	0.77	1.57	0.59	0.00	0.00	0.00	0.68	3.45	99.07	5.86	16.53	273	775	705	18	0	0	0	0	1770	172.67	8.70	2.90	8.41	11.97	10.84	16.50	1.57	41.57	12.10
7/11/2019 4:56:37 AM	0.44	0.80	1.73	0.67	0.00	0.00	0.00	0.68	3.63	98.97	5.90	16.95	234	797	778	20	0	0	0	0	1828	172.50	9.28	3.17	8.81	12.24	11.28	17.27	1.58	41.59	12.12
7/11/2019 4:56:40 AM	0.20	0.95	1.92	0.53	0.00	0.00	0.00	0.78	3.59	98.98	5.96	17.23	104	946	863	16	0	0	0	0	1929	172.51	9.58	3.06	9.15	13.20	11.53	17.64	1.58	41.60	12.09
7/11/2019 4:56:42 AM	0.00	1.28	4.24	0.35	0.00	0.00	0.00	0.76	5.87	98.86	6.03	16.74	0	1277	1909	10	0	0	0	0	3197	172.32	14.87	4.19	12.46	16.63	14.41	26.25	1.59	41.61	12.09
7/11/2019 4:56:45 AM	0.16	1.59	6.07	0.08	0.00	0.00	0.00	0.69	7.90	98.75	6.08	15.70	83	1593	2733	2	0	0	0	0	4411	172.11	18.38	4.76	15.10	19.04	16.89	33.32	1.60	41.61	12.10
7/11/2019 4:56:47 AM	0.00	0.92	6.29	1.10	0.00	0.00	0.00	0.66	8.31	98.53	6.14	15.24	0	924	2830	33	0	0	0	0	3787	171.73	22.28	5.19	14.51	20.34	18.18	37.32	1.60	41.62	12.11
7/11/2019 4:56:49 AM	0.00	1.27	7.15	0.81	0.00	0.00	0.00	0.74	9.23	98.13	6.23	15.14	0	1274	3218	24	0	0	0	0	4515	171.04	24.29	5.58	16.39	22.45	19.29	40.35	1.61	41.62	12.13
7/11/2019 4:56:52 AM	0.00	2.54	14.16	0.84	0.00	0.00	0.00	0.69	17.54	97.45	6.29	14.61	0	2537	6371	25	0	0	0	0	8933	169.86	43.77	9.27	29.23	35.37	32.09	70.51	1.62	41.61	12.14
7/11/2019 4:56:54 AM	0.00	2.45	17.18	1.62	0.00	0.00	0.00	0.56	21.26	97.48	6.35	14.69	0	2452	7732	49	0	0	0	0	10233	169.91	53.78	10.77	33.45	40.60	38.24	85.75	1.62	41.59	12.16
7/11/2019 4:56:56 AM	0.00	2.48	18.93	2.61	0.00	0.00	0.00	0.26	24.02	97.00	6.43	14.90	0	2481	8516	78	0	0	0	0	11076	169.07	61.40	12.31	37.46	42.54	43.93	94.83	1.63	41.59	12.16
7/11/2019 4:56:59 AM	0.00	4.05	22.22	2.34	0.00	0.00	0.00	0.27	28.61	96.34	6.49	14.82	0	4049	9999	70	0	0	0	0	14118	167.91	71.05	14.73	47.37	49.22	52.61	107.95	1.64	41.57	12.14
7/11/2019 4:57:01 AM	0.00	6.40	30.53	0.43	0.00	0.00	0.00	0.09	37.35	95.92	6.53	14.97	0	6399	13737	13	0	0	0	0	20149	167.19	86.87	18.27	62.04	60.25	63.41	135.30	1.64	41.57	12.14
7/11/2019 4:57:04 AM	0.00	7.92	38.18	2.39	0.00	0.00	0.00	0.00	48.49	94.57	6.62	14.69	0	7919	17180	72	0	0	0	0	25170	164.83	117.05	24.52	81.78	76.32	84.73	175.40	1.65	41.56	12.16
7/11/2019 4:57:06 AM	0.00	9.08	48.56	5.01	0.00	0.00	0.00	0.00	62.64	92.40	6.67	14.43	0	9078	21850	150	0	0	0	0	31078	161.06	156.27	30.16	103.41	98.55	111.39	230.97	1.65	41.55	12.16
7/11/2019 4:57:08 AM	0.00	8.52	42.84	4.41	0.00	0.00	0.00	0.00	55.77	93.11	6.73	14.38	0	8517	19280	132	0	0	0	0	27929	162.29	137.03	27.88	93.78	86.94	100.65	204.63	1.66	41.52	12.16
7/11/2019 4:57:11 AM	0.00	8.68	35.37	3.12	0.00	0.00	0.00	0.00	47.17	92.09	6.78	13.99	0	8684	15915	93	0	0	0	0	24693	160.52	114.18	23.44	83.86	72.41	88.27	166.35	1.66	41.50	12.18
7/11/2019 4:57:13 AM	0.00	8.52	33.99	3.24	0.00	0.00	0.00	0.00	45.75	92.05	6.87	13.73	0	8521	15294	97	0	0	0	0	23912	160.44	110.22	23.05	82.06	69.53	86.74	161.42	1.67	41.48	12.18
7/11/2019 4:57:16 AM	0.00	9.03	34.95	1.94	0.00	0.00	0.00	0.00	45.92	92.05	6.94	13.35	0	9027	15729	58	0	0	0	0	24814	160.44	109.00	22.71	82.60	69.10	84.35	160.13	1.68	41.45	12.17
7/11/2019 4:57:18 AM	0.00	8.30	28.88	2.63	0.00	0.00	0.00	0.00	39.80	92.44	7.00	13.43	0	8302	12994	79	0	0	0	0	21374	161.13	94.70	20.73	74.34	60.72	77.81	136.22	1.69	41.42	12.18
7/11/2019 4:57:20 AM	0.00	6.79	15.62	2.47	0.00	0.00	0.00	0.41	24.89	93.54	7.10	12.95	0	6794	7031	74	0	0	0	0	13899	163.04	56.72	15.08	53.38	41.39	57.88	82.44	1.70	41.41	12.19
7/11/2019 4:57:23 AM	0.00	6.54	10.52	2.51	0.00	0.00	0.00	0.61	19.57	93.43	7.17	12.70	0	6539	4735	75	0	0	0	0	11350	162.85	42.43	13.20	47.07	33.98	52.15	63.02	1.70	41.37	12.20
7/11/2019 4:57:25 AM	0.00	5.83	8.07	3.02	0.00	0.00	0.00	0.72	16.93	93.60	7.25	12.81	0	5834	3632	91	0	0	0	0	9557	163.15	37.88	12.29	42.69	31.29	48.57	55.12	1.71	41.34	12.21
7/11/2019 4:57:27 AM	0.00	6.93	6.55	2.39	0.00	0.00	0.00	0.92	15.88	94.03	7.30	12.75	0	6932	2948	72	0	0	0	0	9952	163.89	32.81	12.40	44.82	30.31	49.15	48.14	1.72	41.30	12.18
7/11/2019 4:57:30 AM	0.00	7.19	7.91	2.51	0.00	0.00	0.00	0.96	17.61	93.60	7.37	13.23	0	7190	3559	75	0	0	0	0	10824	163.15	36.54	12.85	47.38	33.39	52.59	55.15	1.72	41.27	12.18
7/11/2019 4:57:32 AM	0.00	6.94	4.64	2.87	0.00	0.00	0.00	1.41	14.45	93.71	7.44	13.17	0	6944	2086	86	0	0	0	0	9116	163.33	30.55	12.12	44.09	32.74	49.62	45.92	1.73	41.22	12.20
7/11/2019 4:57:35 AM	0.00	8.56	5.72	1.70	0.00	0.00	0.00	1.49	15.99	93.53	7.55	12.77	0	8562	2575	51	0	0	0	0	11188	163.03	31.02	13.13	50.05	34.71	52.70	46.87	1.74	41.17	12.20
7/11/2019 4:57:37 AM	0.00	7.97	4.06	2.75	0.00	0.00	0.00	1.61	14.78	93.58	7.66	12.40	0	7965	1828	82	0	0	0	0	9876	163.11	30.20	13.25	48.15	34.41	52.63	44.82	1.75	41.14	12.21
7/11/2019 4:57:39 AM	0.00	9.42	5.02	1.30	0.00	0.00	0.00	1.84	15.73	93.15	7.71	11.90	0	9416	2259	39	0	0	0	0	11713	162.36	29.05	13.22	52.32	36.86	54.30	45.38	1.76	41.10	12.20
7/11/2019 4:57:42 AM	0.00	9.20	4.52	1.85	0.00	0.00	0.00	1.78	15.57	93.00	7.74	12.17	0	9201	2034	55	0	0	0	0	11291	162.10	29.65	13.38	52.10	36.28	54.99	44.86	1.76	41.05	12.20
7/11/2019 4:57:44 AM	0.00	9.42	4.70	1.63	0.00	0.00	0.00	1.72	15.75	93.02	7.80	12.36	0	9423	2117	49	0	0	0	0	11589	162.13	29.44	13.56	52.83	35.77	55.06	44.26	1.76	41.01	12.21
7/11/2019 4:57:46 AM	0.00	9.35	4.25	2.15	0.00	0.00	0.00	1.84	15.75	92.93	7.85	12.11	0	9347	1913	64	0	0	0	0	11325	161.98	29.92	14.08	53.26	37.04	56.49	45.71	1.77	40.96	12.21
7/11/2019 4:57:49 AM	0.27	9.78	4.45	1.91	0.00	0.00	0.00	1.95	16.40	92.85	7.92	12.31	142	9782	2001	57	0	0	0	0	11982	161.83	30.28	14.56	55.21	38.70	57.76	47.40	1.78	40.91	12.20
7/11/2019 4:57:51 AM	0.46	9.78	4.69	1.45	0.00	0.00	0.00	1.89	16.38	92.25	8.01	11.72	245	9784	2108	44	0	0	0	0	12181	160.79	29.41	13.79	54.44	37.99	56.51	46.62	1.78	40.84	12.18
7/11/2019 4:57:54 AM	0.33	9.76	3.70	1.74	0.00	0.00	0.00	1.99	15.52	92.53	8.09	10.84	176	9755	1664	52	0	0	0	0	11646	161.28	28.14	13.34	53.76	37.64	56.64	43.92	1.79	40.79	12.21
7/11/2019 4:57:56 AM	0.86	10.53	3.47	1.29	0.00	0.00	0.00	2.05	16.15	92.03	8.15	10.75	457	10533	1561	39	0	0	0	0	12590	160.42	27.30	13.20	56.36	38.39	58.51	43.37	1.80	40.75	12.18
7/11/2019 4:57:58 AM	0.49	11.07	4.21	0.77	0.00	0.00	0.00	1.96	16.54	92.00	8.23	10.74	258	11075	1893	23	0	0	0	0	13249	160.36	27.42	13.25	57.99	37.73	59.13	42.61	1.81	40.69	12.21
7/11/2019 4:58:01 AM	0.00	10.98	3.31	0.23	0.00	0.00	0.00	1.76	14.52	91.97	8.25	10.41	0	10982	1489	7	0	0	0	0	12478	160.31	22.74	11.92	54.92	32.37	55.01	32.95	1.81	40.63	12.18
7/11/2019 4:58:03 AM	0.26	11.83	2.45	0.96	0.00	0.00	0.00	1.74	15.50	91.64	8.31	10.82	140	11828	1102	29	0	0	0	0	13098	159.73	23.70	13.11	59.66	32.98	60.93	33.41	1.81	40.56	12.19
7/11/2019 4:58:06 AM	0.00	11.61	2.80	0.81	0.00	0.00	0.00	1.79	15.22	91.70	8.35	11.20	0	11611	1262	24	0	0	0	0	12897	159.84	23.91	13.08	58.60	33.30	59.47	33.77	1.82	40.50	12.17
7/11/2019 4:58:08 AM	0.00	11.70	2.46	0.93	0.00	0.00	0.00	1.72	15.09	91.03	8.41	11.45	0	11704	1105	28	0	0	0	0	12837	158.67	23.43	12.80	58.79	32.30	60.13	32.24	1.82	40.43	12.20
7/11/2019 4:58:10 AM	0.00	12.98	3.20	0.12	0.00	0.00	0.00	1.76	16.30	91.40	8.48	11.64	0	12984	1438	4	0	0	0	0	14425	159.31	23.79	13.58	63.58	33.53	62.91	32.70	1.83	40.38	12.17
7/11/2019 4:58:13 AM	0.04	13.42	2.76	0.19	0.00	0.00	0.00	1.65	16.40	90.87	8.54	11.38	20	13416	1243	6	0	0	0	0	14685	158.38	22.95	13.82	65.19	32.11	64.53	30.48	1.84	40.32	12.18
7/11/2019 4:58:15 AM	0.04	14.35	2.65	0.00	0.00	0.00	0.00	1.50	17.03	90.82	8.61	11.48	21	14346	1192	0	0	0	0	0	15559	158.31	22.51	13.60	68.52	30.77	67.84	28.29	1.84	40.24	12.16
7/11/2019 4:58:17 AM	0.00	13.89	1.04	1.01	0.00	0.00	0.00	1.47	15.94	90.21	8.69	11.03	0	13886	468	30	0	0	0	0	14385	157.24	21.48	13.73	67.05	29.09	68.20	25.06	1.85	40.17	12.18
7/11/2019 4:58:20 AM	0.00	15.37	2.04	0.00	0.00	0.00	0.00	1.39	17.41	89.80	8.77	10.57	0	15369	920	0	0	0	0	0	16289	156.53	21.86	14.21	72.45	29.36	71.30	24.78	1.86	40.12	12.17
7/11/2019 4:58:22 AM	0.00	15.91	1.93	0.14	0.00	0.00	0.00	1.40	17.97	89.41	8.86	11.03	0	15905	867	4	0	0	0	0	16776	155.85	22.44	14.62	74.92	29.94	74.20	25.20	1.87	40.05	12.16
7/11/2019 4:58:25 AM	0.00	15.89	1.77	0.00	0.00	0.00	0.00	1.27	17.67	89.24	8.95	10.77	0	15893	798	0	0	0	0	0	16691	155.55	21.28	14.70	74.55	28.02	73.04	22.77	1.88	39.96	12.14
7/11/2019 4:58:27 AM	0.27	17.68	1.81	0.00	0.00	0.00	0.00	1.26	19.76	88.75	9.00	10.22	142	17684	814	0	0	0	0	0	18641	154.69	22.85	16.62	84.39	29.77	79.24	24.52	1.88	39.89	12.15
7/11/2019 4:58:29 AM	0.24	17.56	1.83	0.00	0.00	0.00	0.00	1.33	19.62	89.05	9.07	10.37	126	17556	824	0	0	0	0	0	18506	155.22	22.88	16.18	82.66	30.31	80.04	25.01	1.89	39.81	12.16
7/11/2019 4:58:32 AM	0.00	17.06	1.68	0.25	0.00	0.00	0.00	1.32	18.99	88.78	9.13	10.46	0	17064	755	7	0	0	0	0	17826	154.76	22.94	16.06	80.25	29.71	78.96	24.26	1.89	39.73	12.15
7/11/2019 4:58:34 AM	0.46	17.43	1.74	0.00	0.00	0.00	0.00	1.29	19.63	88.84	9.19	10.81	245	17430	784	0	0	0	0	0	18459	154.86	22.67	15.70	82.63	29.98	79.15	24.97	1.90	39.66	12.14
7/11/2019 4:58:37 AM	0.01	15.53	1.05	0.96	0.00	0.00	0.00	1.42	17.55	88.78	9.26	11.03	3	15531	475	29	0	0	0	0	16038	154.74	22.46	14.62	74.08	29.68	75.26	25.09	1.91	39.59	12.12
7/11/2019 4:58:39 AM	0.12	18.31	1.46	0.00	0.00	0.00	0.00	1.24	19.89	88.83	9.33	11.05	63	18311	658	0	0	0	0	0	19033	154.83	22.45	16.60	87.14	29.15	80.98	22.48	1.91	39.51	12.13
7/11/2019 4:58:41 AM	0.32	17.95	0.13	1.23	0.00	0.00	0.00	1.22	19.64	88.31	9.42	11.13	171	17946	60	37	0	0	0	0	18214	153.93	22.78	16.59	84.73	28.84	85.78	22.49	1.92	39.42	12.12
7/11/2019 4:58:44 AM	0.17	19.98	1.34	0.25	0.00	0.00	0.00	1.17	21.74	88.04	9.46	10.40	90	19984	602	7	0	0	0	0	20684	153.46	23.97	18.00	92.83	29.95	91.36	23.21	1.93	39.35	12.10
7/11/2019 4:58:46 AM	0.00	18.67	1.75	0.05	0.00	0.00	0.00	1.21	20.46	87.78	9.51	10.18	0	18669	786	1	0	0	0	0	19456	153.01	23.27	16.79	86.79	29.47	85.28	23.46	1.93	39.28	12.10
7/11/2019 4:58:48 AM	0.34	16.87	0.00	1.30	0.00	0.00	0.00	1.27	18.51	88.16	9.59	10.70	179	16871	0	39	0	0	0	0	17089	153.67	21.79	15.17	79.56	28.49	81.95	22.31	1.94	39.20	12.09
7/11/2019 4:58:51 AM	0.35	19.05	1.33	0.00	0.00	0.00	0.00	1.19	20.73	88.35	9.65	10.70	183	19050	600	0	0	0	0	0	19833	154.00	22.68	17.03	89.47	29.29	85.23	22.51	1.95	39.12	12.10
7/11/2019 4:58:53 AM	0.02	19.40	1.23	0.00	0.00	0.00	0.00	1.18	20.65	87.64	9.73	10.70	13	19398	551	0	0	0	0	0	19962	152.76	22.44	17.11	89.80	28.85	87.23	21.10	1.95	39.05	12.06
7/11/2019 4:58:56 AM	0.10	18.38	1.08	0.00	0.00	0.00	0.00	1.13	19.56	88.39	9.79	10.31	54	18378	488	0	0	0	0	0	18920	154.08	21.16	16.10	85.04	27.39	82.89	19.94	1.96	38.97	12.06
7/11/2019 4:58:58 AM	0.05	19.17	1.32	0.00	0.00	0.00	0.00	1.10	20.53	88.03	9.84	10.26	26	19167	593	0	0	0	0	0	19785	153.44	22.31	17.12	89.63	28.00	85.45	20.80	1.96	38.89	12.07
7/11/2019 4:59:00 AM	0.48	20.49	0.87	0.00	0.00	0.00	0.00	1.12	21.83	87.77	9.91	10.65	252	20486	391	0	0	0	0	0	21130	152.99	22.84	17.31	97.00	29.04	89.43	20.76	1.97	38.79	12.05
7/11/2019 4:59:03 AM	0.00	21.17	0.98	0.00	0.00	0.00	0.00	1.12	22.15	88.20	9.99	10.79	0	21168	441	0	0	0	0	0	21609	153.74	23.38	19.11	97.72	29.18	93.95	19.89	1.98	38.71	12.04
7/11/2019 4:59:05 AM	0.00	18.82	0.45	0.38	0.00	0.00	0.00	1.15	19.65	88.30	10.05	10.75	0	18817	203	11	0	0	0	0	19031	153.91	21.49	16.27	86.72	27.40	85.98	18.62	1.98	38.63	12.04
7/11/2019 4:59:07 AM	0.00	20.10	0.65	0.17	0.00	0.00	0.00	1.16	20.92	88.38	10.14	10.88	0	20101	293	5	0	0	0	0	20398	154.06	22.14	17.78	92.39	28.44	90.52	19.22	1.99	38.56	12.02
7/11/2019 4:59:10 AM	0.61	19.60	0.63	0.00	0.00	0.00	0.00	1.09	20.84	88.37	10.21	10.94	325	19598	286	0	0	0	0	0	20208	154.04	21.37	17.40	91.83	27.84	86.46	19.65	2.00	38.47	12.01
7/11/2019 4:59:12 AM	0.00	18.28	0.00	0.90	0.00	0.00	0.00	1.12	19.18	88.12	10.29	10.32	0	18278	0	27	0	0	0	0	18305	153.60	20.91	16.43	84.11	27.07	86.32	18.45	2.01	38.39	12.02
7/11/2019 4:59:15 AM	0.00	20.62	0.00	0.74	0.00	0.00	0.00	1.18	21.36	88.32	10.40	9.55	0	20617	0	22	0	0	0	0	20639	153.94	22.78	18.33	94.99	28.94	94.79	19.15	2.02	38.30	12.00
7/11/2019 4:59:17 AM	0.00	20.34	0.68	0.00	0.00	0.00	0.00	1.13	21.01	88.03	10.47	9.48	0	20338	305	0	0	0	0	0	20642	153.44	21.74	17.95	93.44	28.01	90.48	18.45	2.03	38.23	12.00
7/11/2019 4:59:19 AM	0.00	20.89	0.00	0.70	0.00	0.00	0.00	1.13	21.59	88.18	10.55	9.63	0	20889	0	21	0	0	0	0	20910	153.70	22.81	18.41	95.93	28.66	95.93	18.59	2.03	38.13	12.00
7/11/2019 4:59:22 AM	0.00	21.15	0.51	0.11	0.00	0.00	0.00	1.15	21.77	87.91	10.64	9.51	0	21153	231	3	0	0	0	0	21387	153.23	22.56	18.29	96.72	28.83	94.74	18.62	2.04	38.05	11.97
7/11/2019 4:59:24 AM	0.00	21.30	0.23	0.36	0.00	0.00	0.00	1.15	21.88	87.93	10.73	9.67	0	21297	101	11	0	0	0	0	21409	153.27	22.77	18.90	97.77	28.86	95.88	18.48	2.05	37.96	11.98
7/11/2019 4:59:27 AM	0.46	23.50	0.32	0.00	0.00	0.00	0.00	1.03	24.28	87.24	10.81	9.76	244	23501	142	0	0	0	0	0	23888	152.07	23.62	20.54	109.36	29.44	101.94	18.59	2.06	37.88	11.95
7/11/2019 4:59:29 AM	0.00	20.34	0.19	0.51	0.00	0.00	0.00	1.11	21.04	87.85	10.91	9.60	0	20344	84	15	0	0	0	0	20443	153.12	22.12	17.64	93.53	27.87	92.77	18.40	2.07	37.80	11.95
7/11/2019 4:59:31 AM	0.00	20.30	0.48	0.00	0.00	0.00	0.00	1.09	20.78	87.95	11.00	9.61	0	20305	214	0	0	0	0	0	20519	153.29	21.44	17.34	93.02	27.35	90.19	17.14	2.08	37.70	11.93
7/11/2019 4:59:34 AM	0.00	21.19	0.47	0.03	0.00	0.00	0.00	1.11	21.69	87.72	11.10	9.88	0	21192	212	1	0	0	0	0	21405	152.90	22.13	18.19	96.66	28.18	94.51	17.73	2.09	37.61	11.93
7/11/2019 4:59:36 AM	0.10	21.32	0.30	0.00	0.00	0.00	0.00	1.12	21.71	87.62	11.21	9.62	51	21316	135	0	0	0	0	0	21501	152.73	21.75	18.08	98.24	28.12	93.62	17.33	2.10	37.52	11.94
7/11/2019 4:59:38 AM	0.00	24.18	0.41	0.06	0.00	0.00	0.00	1.10	24.66	87.30	11.32	9.16	0	24182	185	2	0	0	0	0	24369	152.17	24.76	20.90	110.13	30.41	107.13	18.46	2.11	37.45	11.91
