Date/Time	Green Algae	Bluegreen	Diatoms	Cryptophyta	#5	#6	#7	Yellow substances	Total conc.	Transmission	Depth	Temp. Sample	Green Algae	Bluegreen	Diatoms	Cryptophyta	#5	#6	#7	Yellow substances	Total cell count	Trans. 700 nm	LED 3 [525 nm]	LED 4 [570 nm]	LED 5 [610 nm]	LED 6 [370 nm]	LED 7 [590 nm]	LED 8 [470 nm]	Pressure	Temp. LEDs	Temp. Sensor
date	µg/l	µg/l	µg/l	µg/l	µg/l	µg/l	µg/l	r.u.	µg/l	%	m	°C	cells/ml	cells/ml	cells/ml	cells/ml	cells/ml	cells/ml	cells/ml	r.u.	cells/ml	digits	digits	digits	digits	digits	digits	digits	bar	°C	°C
7/10/2019 10:38:12 AM	1.25	0.00	0.35	0.13	0.00	0.00	0.00	0.16	1.72	74.35	0.21	26.29	660	0	156	4	0	0	0	0	821	129.62	2.76	0.57	2.82	4.11	4.91	6.93	1.02	39.70	12.65
7/10/2019 10:38:14 AM	0.69	0.00	0.31	0.06	0.00	0.00	0.00	0.43	1.05	72.74	0.33	26.32	363	0	138	2	0	0	0	0	503	126.81	2.78	1.04	2.43	5.90	4.00	6.85	1.03	39.75	12.63
7/10/2019 10:38:17 AM	1.95	0.00	0.00	0.08	0.00	0.00	0.00	0.26	2.03	73.40	0.44	26.30	1034	0	0	2	0	0	0	0	1036	127.95	2.07	2.24	2.43	5.45	4.83	8.54	1.04	39.86	12.63
7/10/2019 10:38:19 AM	0.18	0.00	1.22	0.00	0.00	0.00	0.00	0.42	1.40	74.25	0.58	26.33	94	0	550	0	0	0	0	0	644	129.43	4.56	0.53	3.56	6.35	2.68	9.24	1.06	39.94	12.67
7/10/2019 10:38:22 AM	0.58	0.00	1.85	0.00	0.00	0.00	0.00	0.16	2.44	73.15	0.77	26.35	310	0	834	0	0	0	0	0	1143	127.52	5.43	0.80	2.79	5.13	4.35	11.57	1.08	40.01	12.67
7/10/2019 10:38:24 AM	0.69	0.00	1.78	0.00	0.00	0.00	0.00	0.24	2.47	73.77	0.83	26.27	365	0	803	0	0	0	0	0	1168	128.60	5.56	1.37	3.35	6.12	4.10	12.19	1.08	40.10	12.67
7/10/2019 10:38:26 AM	1.07	0.35	1.25	0.00	0.00	0.00	0.00	0.29	2.66	72.69	0.94	26.21	565	353	561	0	0	0	0	0	1478	126.72	5.00	1.86	5.24	6.79	6.36	10.93	1.09	40.20	12.67
7/10/2019 10:38:29 AM	1.00	0.00	2.02	0.00	0.00	0.00	0.00	0.28	3.03	73.93	1.12	26.25	532	0	910	0	0	0	0	0	1442	128.88	6.45	1.91	4.07	7.54	5.39	14.16	1.11	40.27	12.69
7/10/2019 10:38:31 AM	1.93	0.03	1.34	0.00	0.00	0.00	0.00	0.21	3.30	73.52	1.28	26.24	1024	28	603	0	0	0	0	0	1655	128.16	5.53	0.55	6.15	7.15	4.30	13.36	1.13	40.36	12.69
7/10/2019 10:38:33 AM	1.60	0.00	1.41	0.00	0.00	0.00	0.00	0.20	3.01	73.07	1.48	26.22	847	0	636	0	0	0	0	0	1484	127.38	5.29	1.54	5.23	6.63	4.34	12.54	1.14	40.45	12.70
7/10/2019 10:38:36 AM	1.83	0.00	1.47	0.00	0.00	0.00	0.00	0.17	3.30	73.64	1.66	26.26	971	0	661	0	0	0	0	0	1632	128.38	5.46	0.72	4.73	6.58	4.74	13.57	1.16	40.51	12.71
7/10/2019 10:38:38 AM	1.37	0.04	1.69	0.00	0.00	0.00	0.00	0.17	3.10	73.17	1.84	26.23	727	41	761	0	0	0	0	0	1529	127.55	5.70	1.61	4.46	6.55	5.78	12.83	1.18	40.58	12.71
7/10/2019 10:38:41 AM	0.82	0.18	1.60	0.00	0.00	0.00	0.00	0.29	2.60	73.43	2.02	26.21	435	176	722	0	0	0	0	0	1333	128.01	5.67	1.24	5.00	6.97	5.48	11.69	1.20	40.67	12.74
7/10/2019 10:38:43 AM	2.07	0.04	1.00	0.00	0.00	0.00	0.00	0.29	3.11	73.28	2.21	26.20	1096	38	452	0	0	0	0	0	1586	127.75	4.79	1.35	4.50	7.56	5.58	12.97	1.22	40.74	12.73
7/10/2019 10:38:45 AM	1.88	0.00	1.21	0.00	0.00	0.00	0.00	0.25	3.09	73.23	2.39	26.18	995	0	546	0	0	0	0	0	1540	127.66	5.07	1.22	4.32	7.27	5.51	13.01	1.23	40.83	12.75
7/10/2019 10:38:48 AM	1.20	0.04	1.44	0.00	0.00	0.00	0.00	0.22	2.68	73.54	2.58	26.13	635	41	648	0	0	0	0	0	1324	128.21	5.15	1.38	4.18	6.40	5.31	11.57	1.25	40.91	12.75
7/10/2019 10:38:50 AM	1.21	0.00	1.56	0.00	0.00	0.00	0.00	0.22	2.77	73.75	2.70	26.07	641	0	704	0	0	0	0	0	1345	128.56	5.41	1.52	4.16	6.60	5.16	12.17	1.26	40.97	12.77
7/10/2019 10:38:53 AM	1.29	0.00	1.47	0.00	0.00	0.00	0.00	0.25	2.75	73.49	2.78	26.03	683	0	660	0	0	0	0	0	1342	128.11	5.31	1.38	4.35	6.77	4.76	12.26	1.27	41.05	12.76
7/10/2019 10:38:55 AM	1.72	0.06	1.19	0.00	0.00	0.00	0.00	0.23	2.96	73.39	2.86	25.95	910	55	534	0	0	0	0	0	1498	127.94	4.92	1.18	4.74	6.76	5.22	12.15	1.28	41.13	12.76
7/10/2019 10:38:57 AM	0.99	0.01	1.53	0.01	0.00	0.00	0.00	0.25	2.54	73.58	2.97	25.94	524	11	687	0	0	0	0	0	1222	128.27	5.29	1.84	4.00	6.58	5.09	11.59	1.29	41.21	12.79
7/10/2019 10:39:00 AM	1.27	0.12	1.23	0.00	0.00	0.00	0.00	0.28	2.63	73.43	3.10	25.96	673	123	554	0	0	0	0	0	1351	128.01	4.89	1.49	4.40	6.77	5.54	11.36	1.30	41.29	12.81
7/10/2019 10:39:02 AM	2.06	0.00	1.28	0.00	0.00	0.00	0.00	0.14	3.34	73.09	3.23	25.88	1089	0	578	0	0	0	0	0	1667	127.43	4.99	1.43	4.24	6.40	5.72	13.01	1.32	41.36	12.81
7/10/2019 10:39:04 AM	1.60	0.00	1.74	0.23	0.00	0.00	0.00	0.33	3.57	73.50	3.36	25.66	847	0	783	7	0	0	0	0	1637	128.13	7.00	2.18	4.80	8.94	6.98	16.13	1.33	41.42	12.81
7/10/2019 10:39:07 AM	1.86	0.02	1.75	0.29	0.00	0.00	0.00	0.34	3.93	73.57	3.50	25.42	987	24	787	9	0	0	0	0	1807	128.25	7.47	2.35	5.64	9.64	7.37	17.33	1.34	41.50	12.82
7/10/2019 10:39:09 AM	2.46	0.17	1.67	0.37	0.00	0.00	0.00	0.41	4.66	73.75	3.64	25.16	1302	169	751	11	0	0	0	0	2233	128.57	8.16	2.64	6.91	11.26	8.77	19.80	1.36	41.57	12.83
7/10/2019 10:39:12 AM	2.39	0.21	1.99	0.18	0.00	0.00	0.00	0.34	4.77	73.76	3.78	24.94	1269	209	896	5	0	0	0	0	2379	128.58	8.19	2.13	6.74	10.74	8.67	19.67	1.37	41.64	12.84
7/10/2019 10:39:14 AM	1.79	0.25	2.36	0.16	0.00	0.00	0.00	0.41	4.56	73.88	3.91	24.60	947	246	1063	5	0	0	0	0	2261	128.79	8.87	2.28	6.79	11.21	8.67	19.85	1.38	41.71	12.84
7/10/2019 10:39:16 AM	1.83	0.20	1.99	0.16	0.00	0.00	0.00	0.46	4.18	73.70	4.05	24.09	969	196	895	5	0	0	0	0	2065	128.49	8.09	2.21	6.28	11.11	8.05	18.72	1.40	41.81	12.86
7/10/2019 10:39:19 AM	1.41	0.19	1.87	0.22	0.00	0.00	0.00	0.45	3.68	73.55	4.20	23.58	745	189	840	7	0	0	0	0	1781	128.22	7.68	2.27	5.94	10.32	7.68	17.01	1.41	41.86	12.86
7/10/2019 10:39:21 AM	1.72	0.14	1.41	0.31	0.00	0.00	0.00	0.47	3.58	74.21	4.34	23.22	911	138	636	9	0	0	0	0	1694	129.37	7.06	2.10	5.69	10.22	7.65	16.48	1.43	41.94	12.86
7/10/2019 10:39:23 AM	1.37	0.39	3.28	0.00	0.00	0.00	0.00	0.44	5.04	74.10	4.50	22.43	728	388	1475	0	0	0	0	0	2591	129.18	10.49	2.63	7.77	12.27	9.12	22.09	1.44	42.00	12.89
7/10/2019 10:39:26 AM	0.81	0.52	3.99	0.00	0.00	0.00	0.00	0.52	5.32	74.34	4.64	21.15	431	517	1795	0	0	0	0	0	2744	129.60	12.23	2.66	8.67	13.65	10.04	24.13	1.45	42.06	12.90
7/10/2019 10:39:28 AM	0.39	0.54	4.70	0.00	0.00	0.00	0.00	0.48	5.63	74.65	4.78	20.62	205	542	2116	0	0	0	0	0	2863	130.13	13.59	2.80	9.03	13.84	10.65	25.57	1.47	42.12	12.90
7/10/2019 10:39:31 AM	0.49	0.58	4.47	0.00	0.00	0.00	0.00	0.54	5.54	75.03	4.90	20.01	260	583	2010	0	0	0	0	0	2853	130.80	13.27	2.93	9.05	14.29	10.71	25.40	1.48	42.19	12.90
7/10/2019 10:39:33 AM	0.00	0.64	5.45	0.00	0.00	0.00	0.00	0.55	6.09	75.51	5.03	19.52	0	644	2450	0	0	0	0	0	3094	131.63	15.48	3.04	9.94	15.44	11.63	28.23	1.49	42.23	12.90
7/10/2019 10:39:35 AM	0.00	0.76	5.78	0.19	0.00	0.00	0.00	0.60	6.72	75.84	5.13	19.52	0	758	2599	6	0	0	0	0	3363	132.21	17.66	3.52	11.06	17.01	13.34	30.57	1.50	42.29	12.92
7/10/2019 10:39:38 AM	0.00	0.72	6.49	0.20	0.00	0.00	0.00	0.59	7.41	76.09	5.23	19.22	0	722	2923	6	0	0	0	0	3651	132.64	19.66	3.74	11.66	18.21	13.94	33.54	1.51	42.33	12.94
7/10/2019 10:39:40 AM	0.00	0.61	6.28	0.16	0.00	0.00	0.00	0.56	7.05	76.40	5.33	18.65	0	611	2825	5	0	0	0	0	3441	133.19	18.62	3.57	10.84	17.33	13.11	32.27	1.52	42.39	12.95
7/10/2019 10:39:43 AM	0.00	0.68	6.85	0.41	0.00	0.00	0.00	0.59	7.94	76.58	5.42	18.14	0	677	3081	12	0	0	0	0	3770	133.50	21.18	4.11	12.30	19.21	15.01	36.05	1.53	42.44	12.96
7/10/2019 10:39:45 AM	0.00	1.08	8.14	0.11	0.00	0.00	0.00	0.53	9.33	76.33	5.53	17.94	0	1081	3663	3	0	0	0	0	4748	133.06	23.92	4.26	14.61	20.62	16.91	39.78	1.54	42.45	12.95
7/10/2019 10:39:47 AM	0.00	1.22	8.10	0.51	0.00	0.00	0.00	0.53	9.82	76.44	5.65	17.62	0	1217	3643	15	0	0	0	0	4875	133.25	25.65	4.88	16.17	21.48	18.91	41.17	1.55	42.51	12.98
7/10/2019 10:39:50 AM	0.00	1.62	8.50	0.24	0.00	0.00	0.00	0.53	10.36	76.39	5.77	16.92	0	1622	3823	7	0	0	0	0	5452	133.17	25.97	5.49	17.93	22.01	19.77	41.97	1.57	42.56	12.98
7/10/2019 10:39:52 AM	0.00	0.96	7.73	0.91	0.00	0.00	0.00	0.53	9.60	76.69	5.90	16.68	0	957	3477	27	0	0	0	0	4462	133.69	25.91	5.13	15.61	21.33	18.91	41.13	1.58	42.59	12.98
7/10/2019 10:39:54 AM	0.00	1.40	6.74	0.90	0.00	0.00	0.00	0.58	9.04	76.80	6.03	16.18	0	1401	3032	27	0	0	0	0	4460	133.88	23.67	5.37	16.66	20.39	19.62	37.41	1.59	42.65	12.99
7/10/2019 10:39:57 AM	0.00	1.39	5.33	0.56	0.00	0.00	0.00	0.59	7.28	76.79	6.17	15.43	0	1386	2398	17	0	0	0	0	3801	133.87	19.24	4.24	14.38	17.50	16.76	29.87	1.60	42.65	13.01
7/10/2019 10:39:59 AM	0.00	1.94	3.20	0.34	0.00	0.00	0.00	0.69	5.48	76.76	6.29	14.68	0	1939	1439	10	0	0	0	0	3388	133.81	13.35	4.09	14.34	14.78	15.89	20.93	1.62	42.70	13.01
7/10/2019 10:40:02 AM	0.00	2.90	2.42	0.56	0.00	0.00	0.00	0.72	5.88	76.44	6.41	13.83	0	2899	1088	17	0	0	0	0	4005	133.25	12.74	4.86	18.32	14.74	20.15	19.17	1.63	42.71	13.03
7/10/2019 10:40:04 AM	0.07	3.82	2.49	0.18	0.00	0.00	0.00	0.71	6.57	76.15	6.53	13.50	38	3825	1120	5	0	0	0	0	4989	132.75	11.95	5.31	21.67	14.84	22.80	18.62	1.64	42.75	13.00
7/10/2019 10:40:06 AM	0.00	5.69	2.08	0.63	0.00	0.00	0.00	0.75	8.40	75.36	6.61	13.33	0	5694	936	19	0	0	0	0	6649	131.37	14.14	7.21	30.58	16.64	32.05	19.37	1.65	42.76	13.14
7/10/2019 10:40:09 AM	0.00	5.17	1.71	0.70	0.00	0.00	0.00	0.71	7.58	75.72	6.69	13.39	0	5174	768	21	0	0	0	0	5962	131.99	13.25	6.46	27.98	15.35	29.70	17.33	1.66	42.81	13.04
7/10/2019 10:40:11 AM	0.00	7.08	2.37	0.00	0.00	0.00	0.00	0.66	9.45	75.43	6.83	13.35	0	7081	1066	0	0	0	0	0	8148	131.49	14.09	7.69	35.76	16.22	35.44	17.45	1.67	42.78	13.03
7/10/2019 10:40:14 AM	0.00	11.13	2.33	0.00	0.00	0.00	0.00	0.66	13.46	75.06	6.93	12.99	0	11133	1047	0	0	0	0	0	12180	130.85	17.05	11.03	53.79	19.17	52.72	18.80	1.68	42.80	13.04
7/10/2019 10:40:16 AM	0.53	12.52	4.56	1.01	0.00	0.00	0.00	1.27	18.63	72.23	7.05	12.50	282	12522	2052	30	0	0	0	0	14887	125.91	28.40	15.20	65.26	32.83	65.95	40.31	1.69	42.80	13.05
7/10/2019 10:40:18 AM	2.77	13.05	7.24	3.16	0.00	0.00	0.00	2.48	26.21	69.12	7.18	12.26	1469	13047	3256	95	0	0	0	0	17867	120.50	46.57	19.50	77.34	57.24	82.88	78.68	1.70	42.76	13.07
7/10/2019 10:40:21 AM	3.66	13.70	9.77	2.57	0.00	0.00	0.00	3.15	29.69	65.85	7.29	12.06	1941	13698	4396	77	0	0	0	0	20112	114.81	53.56	21.19	82.68	69.14	86.95	95.67	1.71	42.76	13.08
7/10/2019 10:40:23 AM	3.70	14.64	10.32	1.74	0.00	0.00	0.00	2.90	30.40	65.52	7.35	12.34	1959	14642	4646	52	0	0	0	0	21299	114.23	52.45	20.91	85.41	66.84	88.23	92.91	1.72	42.78	13.05
7/10/2019 10:40:25 AM	4.74	14.82	10.92	1.70	0.00	0.00	0.00	2.81	32.18	65.29	7.42	12.18	2512	14819	4913	51	0	0	0	0	22296	113.84	54.29	21.47	87.58	68.54	90.26	98.09	1.73	42.82	13.05
7/10/2019 10:40:28 AM	5.05	15.35	10.84	1.51	0.00	0.00	0.00	3.04	32.75	65.24	7.52	11.85	2679	15346	4877	45	0	0	0	0	22947	113.74	54.69	22.31	90.01	71.31	91.75	99.95	1.74	42.75	13.07
7/10/2019 10:40:30 AM	0.93	12.74	5.96	0.97	0.00	0.00	0.00	2.64	20.60	69.30	7.65	11.65	495	12735	2681	29	0	0	0	0	15941	120.81	35.70	15.61	68.19	49.96	69.96	58.69	1.75	42.72	13.09
7/10/2019 10:40:33 AM	0.44	12.45	3.48	0.78	0.00	0.00	0.00	2.05	17.16	71.34	7.85	10.95	235	12454	1568	23	0	0	0	0	14280	124.36	27.05	13.88	63.34	38.34	64.41	40.45	1.77	42.72	13.08
7/10/2019 10:40:35 AM	0.63	13.29	2.18	0.23	0.00	0.00	0.00	1.51	16.33	72.56	7.99	10.54	337	13288	983	7	0	0	0	0	14614	126.50	21.59	13.00	64.34	30.48	64.23	28.84	1.78	42.72	13.07
7/10/2019 10:40:37 AM	0.62	13.54	1.51	0.42	0.00	0.00	0.00	1.48	16.10	72.79	8.17	10.38	327	13540	682	13	0	0	0	0	14562	126.90	20.75	13.02	65.16	29.56	65.43	26.57	1.80	42.70	13.09
7/10/2019 10:40:40 AM	0.65	13.00	0.95	0.82	0.00	0.00	0.00	1.52	15.42	72.82	8.29	10.40	343	12997	429	25	0	0	0	0	13793	126.95	20.33	12.93	63.15	29.38	64.10	26.11	1.81	42.65	13.07
7/10/2019 10:40:42 AM	0.63	13.78	1.75	0.00	0.00	0.00	0.00	1.44	16.16	72.17	8.45	10.52	335	13783	786	0	0	0	0	0	14904	125.81	20.07	12.84	65.66	28.99	64.81	25.52	1.83	42.61	13.09
7/10/2019 10:40:44 AM	0.25	13.56	1.37	0.00	0.00	0.00	0.00	1.34	15.18	72.02	8.62	10.06	133	13557	616	0	0	0	0	0	14306	125.56	18.52	12.37	64.04	26.65	62.93	21.78	1.84	42.58	13.09
7/10/2019 10:40:47 AM	0.79	15.66	0.98	0.09	0.00	0.00	0.00	1.18	17.52	71.06	8.83	9.78	419	15660	440	3	0	0	0	0	16521	123.88	19.47	14.16	73.36	26.79	72.44	21.58	1.87	42.55	13.07
7/10/2019 10:40:49 AM	0.45	15.97	0.27	0.75	0.00	0.00	0.00	1.21	17.43	71.06	8.97	9.91	238	15966	122	22	0	0	0	0	16349	123.88	19.98	14.79	75.19	26.84	75.41	20.64	1.88	42.50	13.10
7/10/2019 10:40:52 AM	0.46	16.48	0.49	0.40	0.00	0.00	0.00	1.19	17.84	70.92	9.14	9.76	245	16485	222	12	0	0	0	0	16964	123.64	19.77	15.05	77.01	26.74	76.35	20.08	1.90	42.45	13.09
7/10/2019 10:40:54 AM	0.04	16.87	0.37	0.69	0.00	0.00	0.00	1.19	17.97	70.63	9.28	9.46	20	16871	166	21	0	0	0	0	17078	123.13	20.47	15.46	78.84	26.76	78.76	19.61	1.91	42.40	13.07
7/10/2019 10:40:56 AM	0.23	17.36	0.00	0.96	0.00	0.00	0.00	1.16	18.56	70.84	9.40	9.60	123	17363	0	29	0	0	0	0	17515	123.50	20.73	16.11	81.29	26.94	81.86	19.71	1.92	42.37	13.08
7/10/2019 10:40:59 AM	0.27	16.89	0.00	0.77	0.00	0.00	0.00	1.13	17.93	70.76	9.54	9.45	141	16889	0	23	0	0	0	0	17053	123.36	19.73	15.23	78.70	25.97	79.19	18.57	1.93	42.30	13.07
7/10/2019 10:41:01 AM	0.39	17.97	0.60	0.21	0.00	0.00	0.00	1.08	19.17	70.80	9.67	9.33	207	17965	270	6	0	0	0	0	18449	123.43	20.35	15.96	83.15	26.56	81.95	19.18	1.95	42.26	13.07
7/10/2019 10:41:04 AM	0.02	17.65	0.90	0.00	0.00	0.00	0.00	1.13	18.56	70.57	9.81	9.29	8	17645	405	0	0	0	0	0	18058	123.02	20.05	15.64	81.43	26.44	79.55	18.65	1.96	42.19	13.08
7/10/2019 10:41:06 AM	0.28	17.92	0.09	0.55	0.00	0.00	0.00	1.05	18.84	70.65	9.92	8.98	148	17923	41	16	0	0	0	0	18129	123.16	20.01	15.98	83.06	25.75	82.52	17.78	1.97	42.14	13.07
7/10/2019 10:41:08 AM	0.13	17.31	0.54	0.11	0.00	0.00	0.00	1.05	18.09	70.66	10.08	9.18	70	17306	243	3	0	0	0	0	17623	123.19	19.10	15.08	79.63	25.04	78.48	17.12	1.99	42.08	13.07
7/10/2019 10:41:11 AM	0.00	18.92	0.00	0.69	0.00	0.00	0.00	1.05	19.62	70.22	10.20	9.26	0	18923	0	21	0	0	0	0	18944	122.42	20.67	16.66	87.12	26.20	87.53	17.42	2.00	41.99	13.05
7/10/2019 10:41:13 AM	0.00	19.83	0.00	0.81	0.00	0.00	0.00	1.01	20.63	69.79	10.24	9.24	0	19826	0	24	0	0	0	0	19850	121.67	21.75	18.07	91.12	26.90	91.94	17.60	2.00	41.93	13.06
7/10/2019 10:41:15 AM	0.00	19.31	0.00	0.69	0.00	0.00	0.00	1.02	20.00	70.16	10.33	9.89	0	19308	0	21	0	0	0	0	19328	122.31	21.03	17.40	88.87	26.25	88.98	17.14	2.01	41.86	13.05
7/10/2019 10:41:18 AM	0.00	18.60	0.00	0.81	0.00	0.00	0.00	0.96	19.41	69.89	10.46	9.96	0	18598	0	24	0	0	0	0	18623	121.85	20.43	16.88	84.91	25.68	87.52	16.64	2.02	41.80	13.04
7/10/2019 10:41:20 AM	0.00	18.54	0.00	0.70	0.00	0.00	0.00	1.00	19.24	69.75	10.64	9.25	0	18539	0	21	0	0	0	0	18560	121.60	20.37	17.01	85.49	25.53	85.66	16.73	2.04	41.72	13.03
7/10/2019 10:41:23 AM	0.00	17.79	0.00	0.83	0.00	0.00	0.00	0.95	18.62	69.70	10.80	8.80	0	17787	0	25	0	0	0	0	17812	121.51	19.85	16.53	81.74	24.95	83.67	16.51	2.06	41.65	13.03
7/10/2019 10:41:25 AM	0.00	18.62	0.00	0.73	0.00	0.00	0.00	1.01	19.35	69.59	11.01	8.58	0	18615	0	22	0	0	0	0	18637	121.32	20.44	16.82	85.75	25.76	86.35	17.10	2.08	41.57	13.01
