Date/Time	Green Algae	Bluegreen	Diatoms	Cryptophyta	#5	#6	#7	Yellow substances	Total conc.	Transmission	Depth	Temp. Sample	Green Algae	Bluegreen	Diatoms	Cryptophyta	#5	#6	#7	Yellow substances	Total cell count	Trans. 700 nm	LED 3 [525 nm]	LED 4 [570 nm]	LED 5 [610 nm]	LED 6 [370 nm]	LED 7 [590 nm]	LED 8 [470 nm]	Pressure	Temp. LEDs	Temp. Sensor
date	µg/l	µg/l	µg/l	µg/l	µg/l	µg/l	µg/l	r.u.	µg/l	%	m	°C	cells/ml	cells/ml	cells/ml	cells/ml	cells/ml	cells/ml	cells/ml	r.u.	cells/ml	digits	digits	digits	digits	digits	digits	digits	bar	°C	°C
8/12/2020 3:41:14 PM	6.23	0.72	1.06	0.00	0.00	0.00	0.00	0.00	8.01	64.95	0.00	28.13	3300	722	477	0	0	0	0	0	4500	98.56	7.37	2.68	13.53	10.83	9.22	24.62	1.00	29.17	28.91
8/12/2020 3:41:16 PM	4.23	0.83	1.91	0.00	0.00	0.00	0.00	0.28	6.96	63.78	0.13	28.05	2239	828	859	0	0	0	0	0	3926	96.78	9.19	-0.20	11.17	12.65	11.80	24.05	1.01	29.21	28.97
8/12/2020 3:41:18 PM	5.26	1.08	1.78	0.00	0.00	0.00	0.00	0.11	8.12	63.19	0.20	28.01	2789	1080	801	0	0	0	0	0	4670	95.89	9.07	1.50	12.40	12.39	13.85	25.57	1.02	29.25	28.97
8/12/2020 3:41:21 PM	4.82	1.11	2.26	0.00	0.00	0.00	0.00	0.01	8.19	64.76	0.26	28.00	2557	1108	1018	0	0	0	0	0	4683	98.27	9.81	2.19	14.06	11.63	12.42	25.48	1.03	29.29	28.99
8/12/2020 3:41:23 PM	3.43	0.75	2.95	0.33	0.00	0.00	0.00	0.17	7.45	62.34	0.30	27.94	1815	746	1325	10	0	0	0	0	3896	94.60	11.56	3.45	11.30	12.78	13.29	26.68	1.03	29.35	29.02
8/12/2020 3:41:25 PM	7.16	0.71	1.13	0.00	0.00	0.00	0.00	0.02	9.00	63.21	0.33	27.92	3797	711	507	0	0	0	0	0	5015	95.92	8.23	1.20	13.03	12.82	11.65	27.95	1.03	29.37	29.04
8/12/2020 3:41:28 PM	6.46	1.24	0.91	0.00	0.00	0.00	0.00	0.00	8.60	62.99	0.36	27.97	3422	1237	409	0	0	0	0	0	5068	95.58	7.55	3.01	15.99	11.10	11.34	24.93	1.04	29.41	29.04
8/12/2020 3:41:30 PM	4.92	0.08	0.69	1.44	0.00	0.00	0.00	0.31	7.13	63.05	0.47	28.00	2607	78	312	43	0	0	0	0	3041	95.67	10.34	3.57	9.88	13.89	13.80	27.29	1.05	29.45	29.04
8/12/2020 3:41:33 PM	7.65	0.36	0.30	0.69	0.00	0.00	0.00	0.10	9.01	63.20	0.50	27.96	4054	363	137	21	0	0	0	0	4575	95.90	8.37	3.17	11.31	13.87	13.71	29.50	1.05	29.49	29.03
8/12/2020 3:41:35 PM	6.62	0.83	2.06	0.00	0.00	0.00	0.00	0.00	9.52	63.86	0.53	28.00	3509	835	929	0	0	0	0	0	5272	96.90	9.97	2.51	13.09	13.19	13.65	30.35	1.05	29.52	29.08
8/12/2020 3:41:37 PM	6.80	0.70	1.54	0.21	0.00	0.00	0.00	0.00	9.25	62.11	0.57	28.08	3604	697	693	6	0	0	0	0	5000	94.24	9.12	3.58	12.64	11.78	13.45	29.96	1.06	29.56	29.09
8/12/2020 3:41:40 PM	5.13	1.38	1.93	0.00	0.00	0.00	0.00	0.29	8.44	64.11	0.62	28.11	2721	1381	868	0	0	0	0	0	4970	97.29	10.09	1.61	13.83	14.51	15.38	27.34	1.06	29.60	29.12
8/12/2020 3:41:42 PM	6.49	1.09	2.18	0.00	0.00	0.00	0.00	0.04	9.76	63.56	0.66	28.11	3440	1090	983	0	0	0	0	0	5513	96.44	10.42	4.76	15.22	14.13	13.37	30.69	1.07	29.64	29.12
8/12/2020 3:41:45 PM	6.28	1.38	2.16	0.00	0.00	0.00	0.00	0.00	9.82	64.37	0.72	28.06	3328	1380	972	0	0	0	0	0	5680	97.68	10.67	2.43	16.84	13.50	14.25	29.76	1.07	29.66	29.13
8/12/2020 3:41:47 PM	5.60	1.04	2.88	0.00	0.00	0.00	0.00	0.00	9.52	63.93	0.75	27.95	2969	1039	1294	0	0	0	0	0	5302	97.01	11.37	5.32	15.51	13.29	12.51	30.74	1.07	29.70	29.19
8/12/2020 3:41:49 PM	6.89	0.74	2.59	0.00	0.00	0.00	0.00	0.00	10.21	63.04	0.79	27.83	3651	737	1164	0	0	0	0	0	5552	95.66	11.24	2.25	13.67	13.47	13.99	33.88	1.08	29.73	29.19
8/12/2020 3:41:52 PM	5.51	0.76	2.64	0.49	0.00	0.00	0.00	0.01	9.40	62.59	0.81	27.81	2919	763	1186	15	0	0	0	0	4883	94.98	12.20	2.97	12.77	13.86	15.81	31.43	1.08	29.77	29.14
8/12/2020 3:41:54 PM	6.35	1.13	2.74	0.00	0.00	0.00	0.00	0.00	10.21	62.70	0.83	27.84	3364	1128	1232	0	0	0	0	0	5724	95.14	11.71	3.30	15.92	14.06	14.25	32.59	1.08	29.80	29.22
8/12/2020 3:41:56 PM	6.27	0.56	1.18	1.11	0.00	0.00	0.00	0.18	9.12	61.74	0.87	27.88	3325	556	529	33	0	0	0	0	4443	93.69	11.30	4.47	13.05	15.12	15.81	31.46	1.09	29.83	29.21
8/12/2020 3:41:59 PM	7.12	0.99	2.07	0.00	0.00	0.00	0.00	0.05	10.18	62.19	0.90	27.91	3776	988	931	0	0	0	0	0	5694	94.37	10.50	3.06	13.77	14.84	15.14	32.29	1.09	29.86	29.21
8/12/2020 3:42:01 PM	6.42	0.93	2.52	0.00	0.00	0.00	0.00	0.00	9.86	62.73	0.92	27.88	3401	931	1132	0	0	0	0	0	5465	95.18	11.03	2.45	14.02	13.55	14.24	31.81	1.09	29.89	29.22
8/12/2020 3:42:04 PM	6.16	1.04	2.22	0.00	0.00	0.00	0.00	0.22	9.42	63.19	0.92	27.84	3267	1044	997	0	0	0	0	0	5308	95.88	10.88	3.63	15.03	15.59	13.07	31.27	1.09	29.92	29.26
8/12/2020 3:42:06 PM	7.13	1.30	1.47	0.00	0.00	0.00	0.00	0.08	9.90	60.88	0.92	27.85	3780	1296	662	0	0	0	0	0	5739	92.39	9.62	1.46	14.91	14.43	15.74	30.08	1.09	29.95	29.26
8/12/2020 3:42:08 PM	6.10	1.26	2.24	0.00	0.00	0.00	0.00	0.12	9.60	62.00	0.93	27.88	3234	1255	1010	0	0	0	0	0	5499	94.09	10.75	2.83	14.30	14.58	15.72	30.42	1.09	29.99	29.27
8/12/2020 3:42:11 PM	7.13	1.01	2.07	0.00	0.00	0.00	0.00	0.00	10.21	63.43	0.94	27.93	3778	1011	932	0	0	0	0	0	5721	96.25	10.28	3.44	14.62	13.33	14.52	32.38	1.09	30.00	29.27
8/12/2020 3:42:13 PM	6.60	0.94	1.74	0.00	0.00	0.00	0.00	0.32	9.28	62.59	0.94	27.94	3496	941	782	0	0	0	0	0	5220	94.98	10.12	3.45	14.15	16.27	12.90	31.27	1.09	30.03	29.28
8/12/2020 3:42:15 PM	7.69	0.91	1.79	0.00	0.00	0.00	0.00	0.00	10.39	63.05	0.96	27.92	4074	912	805	0	0	0	0	0	5791	95.67	9.90	2.66	14.72	13.16	14.06	33.07	1.09	30.06	29.32
8/12/2020 3:42:18 PM	7.52	1.27	1.45	0.00	0.00	0.00	0.00	0.11	10.24	62.79	0.97	27.91	3986	1270	652	0	0	0	0	0	5908	95.28	9.64	3.30	14.92	15.19	15.85	31.43	1.10	30.09	29.32
8/12/2020 3:42:20 PM	6.07	1.32	2.48	0.00	0.00	0.00	0.00	0.16	9.87	62.27	0.99	27.88	3218	1320	1115	0	0	0	0	0	5654	94.49	11.62	2.63	16.27	15.42	14.79	31.68	1.10	30.11	29.33
8/12/2020 3:42:23 PM	6.29	1.22	2.15	0.00	0.00	0.00	0.00	0.19	9.67	62.12	1.00	27.85	3335	1225	967	0	0	0	0	0	5526	94.26	10.76	4.02	14.88	15.50	14.85	31.23	1.10	30.14	29.33
8/12/2020 3:42:25 PM	6.35	1.30	2.53	0.00	0.00	0.00	0.00	0.02	10.18	62.35	1.04	27.87	3368	1296	1138	0	0	0	0	0	5801	94.62	11.42	3.19	15.58	14.52	15.65	31.75	1.10	30.17	29.36
8/12/2020 3:42:27 PM	5.16	1.14	2.77	0.00	0.00	0.00	0.00	0.29	9.08	63.59	1.07	27.85	2736	1144	1247	0	0	0	0	0	5127	96.49	11.94	1.37	13.15	15.89	15.91	31.13	1.10	30.19	29.37
8/12/2020 3:42:30 PM	7.84	1.22	1.39	0.00	0.00	0.00	0.00	0.00	10.45	62.81	1.10	27.78	4156	1217	624	0	0	0	0	0	5997	95.31	9.50	1.04	15.49	13.43	15.60	31.67	1.11	30.22	29.37
8/12/2020 3:42:32 PM	6.86	1.04	1.98	0.00	0.00	0.00	0.00	0.07	9.88	62.72	1.11	27.75	3635	1040	890	0	0	0	0	0	5565	95.17	10.38	1.98	14.34	14.54	14.54	31.20	1.11	30.24	29.43
8/12/2020 3:42:35 PM	6.42	0.87	2.47	0.12	0.00	0.00	0.00	0.00	9.89	62.46	1.12	27.74	3401	872	1114	4	0	0	0	0	5390	94.78	11.14	4.10	13.61	14.04	14.52	32.00	1.11	30.27	29.41
8/12/2020 3:42:37 PM	5.25	1.55	3.06	0.00	0.00	0.00	0.00	0.00	9.86	61.22	1.13	27.74	2785	1545	1377	0	0	0	0	0	5707	92.90	12.03	4.09	15.91	13.44	16.71	30.63	1.11	30.29	29.43
8/12/2020 3:42:39 PM	6.67	1.41	1.75	0.00	0.00	0.00	0.00	0.25	9.83	63.34	1.16	27.77	3533	1412	789	0	0	0	0	0	5734	96.12	10.37	4.31	16.21	16.12	14.96	31.23	1.11	30.31	29.44
8/12/2020 3:42:42 PM	7.58	1.32	1.41	0.00	0.00	0.00	0.00	0.05	10.31	62.43	1.18	27.77	4019	1318	633	0	0	0	0	0	5970	94.73	9.45	3.44	15.17	14.59	15.93	30.95	1.12	30.34	29.46
8/12/2020 3:42:44 PM	6.41	1.43	1.62	0.27	0.00	0.00	0.00	0.00	9.72	62.73	1.19	27.75	3395	1431	727	8	0	0	0	0	5562	95.18	10.08	2.85	14.96	13.22	17.43	28.99	1.12	30.35	29.48
8/12/2020 3:42:46 PM	7.27	1.10	1.71	0.00	0.00	0.00	0.00	0.00	10.08	62.81	1.21	27.70	3851	1099	771	0	0	0	0	0	5722	95.31	9.68	4.16	15.26	13.85	13.83	30.92	1.12	30.38	29.42
8/12/2020 3:42:49 PM	4.68	1.31	3.01	0.00	0.00	0.00	0.00	0.22	9.00	62.85	1.22	27.70	2482	1311	1354	0	0	0	0	0	5147	95.36	12.00	4.03	14.64	14.97	15.00	30.07	1.12	30.41	29.49
8/12/2020 3:42:51 PM	6.11	1.21	2.35	0.00	0.00	0.00	0.00	0.00	9.66	62.78	1.23	27.69	3236	1208	1058	0	0	0	0	0	5502	95.26	10.50	3.10	15.05	12.00	14.83	30.61	1.12	30.42	29.42
8/12/2020 3:42:54 PM	5.05	1.23	2.55	0.00	0.00	0.00	0.00	0.24	8.83	62.37	1.23	27.71	2675	1230	1148	0	0	0	0	0	5053	94.65	11.19	2.77	13.84	14.88	14.97	29.38	1.12	30.43	29.49
8/12/2020 3:42:56 PM	6.37	0.87	2.59	0.00	0.00	0.00	0.00	0.00	9.83	63.29	1.27	27.75	3374	872	1165	0	0	0	0	0	5411	96.04	11.22	3.18	14.71	14.14	12.84	31.74	1.12	30.46	29.51
8/12/2020 3:42:58 PM	5.73	1.10	2.36	0.00	0.00	0.00	0.00	0.10	9.19	61.98	1.32	27.73	3035	1103	1064	0	0	0	0	0	5203	94.06	10.58	3.46	13.53	13.94	14.63	29.54	1.13	30.48	29.54
8/12/2020 3:43:01 PM	5.47	1.27	2.44	0.00	0.00	0.00	0.00	0.14	9.18	62.23	1.37	27.71	2900	1268	1099	0	0	0	0	0	5268	94.43	10.89	3.54	14.37	14.28	15.01	29.46	1.13	30.50	29.53
8/12/2020 3:43:03 PM	6.10	1.15	2.45	0.00	0.00	0.00	0.00	0.00	9.71	61.23	1.43	27.70	3234	1151	1104	0	0	0	0	0	5489	92.92	10.91	2.52	14.72	13.32	14.77	30.52	1.14	30.51	29.53
8/12/2020 3:43:05 PM	6.40	1.37	1.59	0.00	0.00	0.00	0.00	0.07	9.37	62.05	1.47	27.67	3392	1374	717	0	0	0	0	0	5483	94.15	9.44	2.28	14.83	13.56	15.36	28.21	1.14	30.54	29.54
8/12/2020 3:43:08 PM	7.02	1.18	1.63	0.00	0.00	0.00	0.00	0.08	9.84	61.33	1.53	27.68	3722	1185	733	0	0	0	0	0	5640	93.06	9.76	2.38	14.87	14.39	14.76	30.32	1.15	30.54	29.59
8/12/2020 3:43:10 PM	5.71	1.24	2.28	0.00	0.00	0.00	0.00	0.09	9.24	62.05	1.55	27.65	3027	1245	1027	0	0	0	0	0	5299	94.16	10.63	3.18	15.46	13.83	13.71	29.09	1.15	30.56	29.58
8/12/2020 3:43:13 PM	5.63	1.01	1.54	0.69	0.00	0.00	0.00	0.05	8.87	61.86	1.58	27.66	2985	1013	692	21	0	0	0	0	4710	93.86	10.52	3.85	13.70	13.07	16.11	28.24	1.16	30.59	29.59
8/12/2020 3:43:15 PM	5.03	1.31	2.65	0.00	0.00	0.00	0.00	0.08	8.99	61.39	1.62	27.71	2668	1307	1193	0	0	0	0	0	5168	93.15	11.15	3.47	15.78	13.48	13.51	28.51	1.16	30.62	29.58
8/12/2020 3:43:17 PM	6.73	1.12	1.66	0.06	0.00	0.00	0.00	0.00	9.57	62.14	1.71	27.70	3567	1116	747	2	0	0	0	0	5432	94.30	9.34	2.81	13.75	12.28	15.28	29.58	1.17	30.64	29.54
8/12/2020 3:43:20 PM	5.35	1.42	2.57	0.00	0.00	0.00	0.00	0.00	9.34	61.90	1.78	27.65	2837	1420	1156	0	0	0	0	0	5413	93.92	11.00	2.09	15.07	12.70	15.85	28.70	1.17	30.65	29.54
8/12/2020 3:43:22 PM	6.49	1.34	2.17	0.00	0.00	0.00	0.00	0.01	10.00	61.41	1.82	27.59	3438	1339	977	0	0	0	0	0	5755	93.18	10.67	2.94	15.59	14.04	15.50	30.54	1.18	30.66	29.62
8/12/2020 3:43:24 PM	5.08	1.29	2.94	0.00	0.00	0.00	0.00	0.14	9.30	61.56	1.86	27.55	2690	1286	1323	0	0	0	0	0	5298	93.41	11.89	3.55	14.70	14.62	15.23	30.41	1.18	30.68	29.62
8/12/2020 3:43:27 PM	6.30	1.29	2.22	0.00	0.00	0.00	0.00	0.01	9.80	61.79	1.89	27.58	3338	1287	998	0	0	0	0	0	5622	93.76	10.50	4.09	15.29	13.77	14.92	30.08	1.19	30.70	29.62
8/12/2020 3:43:29 PM	6.16	1.40	2.12	0.00	0.00	0.00	0.00	0.00	9.68	61.69	1.93	27.59	3264	1398	954	0	0	0	0	0	5617	93.61	10.31	3.12	15.98	12.88	14.97	29.38	1.19	30.69	29.68
8/12/2020 3:43:32 PM	6.16	1.40	2.33	0.00	0.00	0.00	0.00	0.01	9.88	61.51	1.95	27.52	3266	1396	1047	0	0	0	0	0	5709	93.33	10.82	3.37	15.38	13.84	15.94	30.17	1.19	30.73	29.62
8/12/2020 3:43:34 PM	5.82	1.20	2.33	0.00	0.00	0.00	0.00	0.07	9.36	61.57	1.97	27.52	3086	1202	1050	0	0	0	0	0	5338	93.42	10.68	2.94	14.45	13.86	14.71	29.55	1.19	30.75	29.62
8/12/2020 3:43:36 PM	6.29	1.30	2.56	0.00	0.00	0.00	0.00	0.00	10.14	61.18	2.04	27.54	3332	1298	1150	0	0	0	0	0	5780	92.84	11.35	3.33	15.62	14.07	15.54	31.54	1.20	30.74	29.64
8/12/2020 3:43:39 PM	6.19	1.42	3.58	0.00	0.00	0.00	0.00	0.00	11.19	61.91	2.12	27.38	3278	1422	1611	0	0	0	0	0	6311	93.94	13.91	2.90	16.57	15.87	17.82	35.73	1.21	30.77	29.62
8/12/2020 3:43:41 PM	6.71	1.41	4.51	0.00	0.00	0.00	0.00	0.01	12.63	61.71	2.15	27.17	3556	1414	2028	0	0	0	0	0	6999	93.65	16.43	4.40	18.51	18.43	18.45	41.58	1.21	30.77	29.73
8/12/2020 3:43:44 PM	6.68	1.43	5.06	0.00	0.00	0.00	0.00	0.01	13.17	61.34	2.20	27.05	3539	1429	2278	0	0	0	0	0	7246	93.08	17.69	4.94	18.64	19.35	19.52	43.94	1.22	30.78	29.72
8/12/2020 3:43:46 PM	6.75	1.42	8.13	0.00	0.00	0.00	0.00	0.00	16.31	61.02	2.27	27.03	3580	1419	3660	0	0	0	0	0	8658	92.59	25.10	5.03	22.12	23.86	22.82	57.90	1.22	30.81	29.68
8/12/2020 3:43:48 PM	7.06	1.44	8.18	0.00	0.00	0.00	0.00	0.00	16.68	60.87	2.32	26.91	3744	1439	3681	0	0	0	0	0	8865	92.37	25.41	5.49	22.42	24.66	23.22	59.01	1.23	30.82	29.75
8/12/2020 3:43:51 PM	7.42	1.52	9.02	0.00	0.00	0.00	0.00	0.00	17.97	60.85	2.37	26.77	3934	1524	4058	0	0	0	0	0	9516	92.34	27.86	5.63	24.62	27.17	24.06	63.70	1.23	30.82	29.79
8/12/2020 3:43:53 PM	8.24	1.45	9.26	0.00	0.00	0.00	0.00	0.00	18.95	61.38	2.39	26.85	4369	1451	4166	0	0	0	0	0	9985	93.13	28.75	5.83	24.76	28.18	25.26	67.55	1.23	30.85	29.73
8/12/2020 3:43:55 PM	7.76	1.39	9.85	0.00	0.00	0.00	0.00	0.00	18.99	60.55	2.45	26.97	4111	1387	4433	0	0	0	0	0	9931	91.88	29.81	5.71	24.56	28.22	25.42	68.69	1.24	30.85	29.79
8/12/2020 3:43:58 PM	8.49	1.32	11.00	0.00	0.00	0.00	0.00	0.00	20.81	60.47	2.47	26.93	4501	1316	4950	0	0	0	0	0	10767	91.75	33.06	5.59	25.76	31.73	27.28	75.87	1.24	30.85	29.72
8/12/2020 3:44:00 PM	9.51	1.41	10.82	0.00	0.00	0.00	0.00	0.00	21.73	60.57	2.55	26.84	5042	1405	4867	0	0	0	0	0	11314	91.90	33.11	6.71	27.04	32.19	28.07	78.67	1.25	30.90	29.69
8/12/2020 3:44:03 PM	10.46	1.59	11.83	0.00	0.00	0.00	0.00	0.00	23.87	60.19	2.55	26.69	5542	1591	5321	0	0	0	0	0	12455	91.33	36.49	6.17	30.24	35.83	30.31	86.03	1.25	30.89	29.69
8/12/2020 3:44:05 PM	11.44	1.89	13.00	0.00	0.00	0.00	0.00	0.01	26.34	60.59	2.51	26.59	6066	1892	5851	0	0	0	0	0	13809	91.94	40.22	7.42	33.74	40.09	33.43	94.36	1.25	30.90	29.68
8/12/2020 3:44:07 PM	12.46	2.39	11.64	0.00	0.00	0.00	0.00	0.00	26.49	60.04	2.50	26.70	6602	2393	5238	0	0	0	0	0	14233	91.10	37.67	7.90	35.19	38.09	35.35	92.29	1.25	30.93	29.74
8/12/2020 3:44:10 PM	13.05	2.57	11.07	0.00	0.00	0.00	0.00	0.00	26.69	59.98	2.57	26.85	6917	2569	4980	0	0	0	0	0	14465	91.02	37.07	6.99	36.49	39.01	35.34	91.31	1.25	30.93	29.74
8/12/2020 3:44:12 PM	12.88	3.02	11.17	0.00	0.00	0.00	0.00	0.00	27.08	60.30	2.68	26.80	6826	3024	5029	0	0	0	0	0	14878	91.49	37.45	8.50	37.37	39.72	38.17	91.23	1.26	30.95	29.78
8/12/2020 3:44:14 PM	15.66	5.02	7.30	0.00	0.00	0.00	0.00	0.37	27.98	59.52	2.57	26.51	8299	5020	3287	0	0	0	0	0	16605	90.31	32.72	7.89	46.55	42.40	43.50	86.73	1.25	30.94	29.77
8/12/2020 3:44:17 PM	15.61	5.52	7.10	0.00	0.00	0.00	0.00	0.47	28.22	58.81	2.59	26.32	8271	5519	3194	0	0	0	0	0	16984	89.24	32.81	8.80	48.54	43.38	45.35	86.63	1.25	30.96	29.75
8/12/2020 3:44:19 PM	15.77	5.00	7.91	0.00	0.00	0.00	0.00	0.25	28.68	59.37	2.66	26.36	8359	4998	3560	0	0	0	0	0	16916	90.09	33.80	8.80	46.81	42.31	44.26	88.77	1.26	30.99	29.79
8/12/2020 3:44:22 PM	15.25	5.02	7.86	0.00	0.00	0.00	0.00	0.33	28.13	59.36	2.74	25.89	8083	5024	3537	0	0	0	0	0	16644	90.07	33.63	8.09	46.27	42.28	44.25	87.50	1.27	30.96	29.79
8/12/2020 3:44:24 PM	15.45	7.24	6.20	0.00	0.00	0.00	0.00	0.35	28.89	59.01	2.76	25.45	8189	7239	2790	0	0	0	0	0	18218	89.55	31.65	9.67	55.05	41.62	51.58	81.75	1.27	30.97	29.89
8/12/2020 3:44:26 PM	15.35	7.59	5.61	0.00	0.00	0.00	0.00	0.56	28.55	59.24	2.83	25.24	8135	7588	2525	0	0	0	0	0	18248	89.89	30.90	9.88	54.77	42.89	53.80	80.66	1.28	30.99	29.79
8/12/2020 3:44:29 PM	12.93	7.90	4.70	0.00	0.00	0.00	0.00	0.30	25.53	59.39	2.95	24.52	6851	7902	2115	0	0	0	0	0	16868	90.11	26.82	9.71	53.05	35.49	51.90	66.92	1.29	30.98	29.92
8/12/2020 3:44:31 PM	11.33	8.11	3.59	0.00	0.00	0.00	0.00	0.21	23.03	59.33	3.00	24.48	6003	8110	1615	0	0	0	0	0	15728	90.03	23.11	10.05	52.30	30.51	49.14	56.18	1.29	30.98	29.87
8/12/2020 3:44:34 PM	12.27	7.80	3.56	0.00	0.00	0.00	0.00	0.30	23.63	59.78	3.04	24.81	6501	7803	1602	0	0	0	0	0	15906	90.71	23.57	9.79	51.44	32.46	48.99	59.68	1.30	31.00	29.87
8/12/2020 3:44:36 PM	11.07	6.38	3.21	0.00	0.00	0.00	0.00	0.41	20.66	58.90	3.03	24.74	5865	6384	1443	0	0	0	0	0	13692	89.38	21.13	7.83	43.28	30.20	42.24	54.68	1.30	31.03	29.80
8/12/2020 3:44:38 PM	10.37	5.61	3.46	0.00	0.00	0.00	0.00	0.29	19.43	59.15	3.09	24.03	5495	5606	1557	0	0	0	0	0	12658	89.76	20.33	7.54	39.33	27.85	38.57	52.35	1.30	31.00	29.89
8/12/2020 3:44:41 PM	8.02	3.26	3.91	0.35	0.00	0.00	0.00	0.34	15.55	60.42	3.24	23.07	4252	3262	1760	11	0	0	0	0	9284	91.68	19.18	6.60	27.41	24.63	29.21	47.98	1.32	31.00	29.88
8/12/2020 3:44:43 PM	6.52	3.37	4.65	0.04	0.00	0.00	0.00	0.29	14.57	60.20	3.31	22.58	3456	3370	2091	1	0	0	0	0	8917	91.35	19.02	6.37	26.64	22.76	27.90	44.64	1.32	31.01	29.80
8/12/2020 3:44:45 PM	6.55	2.90	3.71	0.80	0.00	0.00	0.00	0.36	13.96	60.02	3.33	21.90	3469	2902	1667	24	0	0	0	0	8063	91.08	18.97	6.91	25.54	22.91	27.84	44.35	1.33	31.00	29.90
8/12/2020 3:44:48 PM	6.12	2.74	3.88	1.29	0.00	0.00	0.00	0.34	14.03	60.25	3.35	21.98	3246	2738	1745	39	0	0	0	0	7768	91.42	20.49	7.48	25.77	23.17	28.88	45.73	1.33	31.01	29.80
8/12/2020 3:44:50 PM	6.79	2.49	3.21	1.86	0.00	0.00	0.00	0.35	14.34	60.27	3.35	22.27	3597	2487	1445	56	0	0	0	0	7584	91.45	20.85	8.14	25.95	23.84	29.72	47.36	1.33	31.04	29.90
8/12/2020 3:44:53 PM	6.45	2.60	3.61	1.95	0.00	0.00	0.00	0.36	14.60	60.15	3.37	21.87	3416	2597	1623	59	0	0	0	0	7695	91.27	22.01	8.48	26.78	24.34	30.73	48.52	1.33	31.04	29.92
8/12/2020 3:44:55 PM	7.49	2.67	3.31	1.98	0.00	0.00	0.00	0.32	15.45	59.98	3.38	21.48	3968	2674	1489	59	0	0	0	0	8190	91.01	21.98	8.25	27.60	25.01	31.90	50.37	1.33	31.02	29.92
8/12/2020 3:44:57 PM	7.84	3.16	3.63	2.58	0.00	0.00	0.00	0.44	17.20	60.27	3.40	20.98	4156	3158	1631	77	0	0	0	0	9023	91.46	25.50	10.43	32.11	28.75	36.63	56.69	1.33	31.01	29.92
8/12/2020 3:45:00 PM	9.21	3.02	3.49	3.54	0.00	0.00	0.00	0.46	19.26	59.89	3.47	20.59	4883	3016	1570	106	0	0	0	0	9575	90.88	28.96	11.50	34.62	32.23	41.03	64.83	1.34	31.00	29.92
8/12/2020 3:45:02 PM	8.34	3.24	4.36	3.54	0.00	0.00	0.00	0.48	19.49	60.25	3.48	20.26	4420	3244	1964	106	0	0	0	0	9734	91.42	30.80	11.61	35.66	32.86	42.43	66.12	1.34	30.97	29.92
8/12/2020 3:45:04 PM	9.70	3.20	3.59	3.49	0.00	0.00	0.00	0.43	19.99	59.33	3.30	20.54	5144	3203	1615	105	0	0	0	0	10066	90.02	29.46	11.34	35.70	32.90	42.38	66.51	1.32	30.97	29.92
8/12/2020 3:45:07 PM	9.45	2.96	3.87	3.92	0.00	0.00	0.00	0.34	20.20	59.53	3.37	21.10	5009	2964	1740	118	0	0	0	0	9830	90.33	30.92	11.30	35.47	32.65	43.37	68.00	1.33	31.01	29.92
8/12/2020 3:45:09 PM	9.72	3.07	3.84	5.32	0.00	0.00	0.00	0.34	21.95	61.06	3.68	20.41	5150	3074	1728	160	0	0	0	0	10112	92.65	35.37	14.94	40.02	35.46	48.63	74.85	1.36	30.97	29.89
8/12/2020 3:45:12 PM	12.35	3.98	4.89	5.55	0.00	0.00	0.00	0.33	26.78	60.03	3.60	19.66	6548	3981	2200	167	0	0	0	0	12895	91.09	40.93	16.57	47.76	42.02	56.97	89.21	1.35	31.01	29.92
8/12/2020 3:45:14 PM	12.73	4.16	5.09	6.59	0.00	0.00	0.00	0.39	28.58	59.99	3.69	19.59	6750	4163	2292	198	0	0	0	0	13402	91.03	45.21	18.27	51.51	45.49	62.45	96.44	1.36	31.00	29.92
8/12/2020 3:45:16 PM	13.65	5.07	6.13	7.34	0.00	0.00	0.00	0.45	32.19	59.40	3.69	19.65	7235	5073	2760	220	0	0	0	0	15289	90.14	51.50	21.14	59.34	51.29	70.99	108.11	1.36	30.93	29.90
8/12/2020 3:45:19 PM	15.68	5.09	5.84	7.98	0.00	0.00	0.00	0.25	34.59	59.82	3.75	19.90	8310	5090	2626	239	0	0	0	0	16266	90.77	53.48	22.51	62.37	52.74	74.67	114.54	1.37	30.93	29.89
8/12/2020 3:45:21 PM	16.04	5.52	5.94	6.15	0.00	0.00	0.00	0.52	33.65	59.80	3.85	19.05	8500	5517	2673	185	0	0	0	0	16875	90.75	49.31	19.57	60.18	53.27	70.39	110.40	1.38	30.93	29.90
8/12/2020 3:45:24 PM	14.12	5.77	6.12	5.39	0.00	0.00	0.00	0.53	31.39	60.07	3.93	18.60	7483	5767	2753	162	0	0	0	0	16165	91.15	46.43	18.36	58.03	49.76	67.09	101.79	1.39	30.89	30.05
8/12/2020 3:45:26 PM	12.87	5.25	4.78	4.82	0.00	0.00	0.00	0.49	27.71	59.68	3.99	18.58	6819	5248	2150	145	0	0	0	0	14361	90.55	40.14	16.70	52.10	43.95	59.86	88.90	1.39	30.88	29.95
8/12/2020 3:45:28 PM	9.75	4.36	3.68	4.25	0.00	0.00	0.00	0.51	22.03	60.34	4.04	18.34	5170	4356	1655	127	0	0	0	0	11308	91.56	33.22	13.29	42.71	36.08	50.53	71.36	1.40	30.86	30.08
8/12/2020 3:45:31 PM	9.68	4.78	3.65	3.20	0.00	0.00	0.00	0.47	21.32	60.30	4.13	17.86	5133	4783	1641	96	0	0	0	0	11652	91.50	30.05	12.54	42.23	34.04	47.88	66.25	1.40	30.85	29.90
8/12/2020 3:45:33 PM	9.32	5.08	4.25	2.55	0.00	0.00	0.00	0.41	21.20	60.42	4.21	18.01	4938	5081	1911	77	0	0	0	0	12007	91.68	29.29	12.37	42.43	32.98	46.70	64.44	1.41	30.83	29.99
8/12/2020 3:45:35 PM	8.11	4.32	2.83	3.01	0.00	0.00	0.00	0.47	18.27	60.51	4.31	18.02	4296	4318	1275	90	0	0	0	0	9981	91.81	26.21	11.11	37.51	29.75	43.04	56.64	1.42	30.81	29.93
8/12/2020 3:45:38 PM	7.20	3.96	1.71	3.25	0.00	0.00	0.00	0.37	16.12	60.50	4.35	17.09	3818	3958	771	97	0	0	0	0	8644	91.80	23.15	10.34	34.45	25.58	40.45	48.84	1.43	30.79	30.03
8/12/2020 3:45:40 PM	7.04	4.50	2.20	2.71	0.00	0.00	0.00	0.42	16.44	60.58	4.37	16.71	3730	4497	991	81	0	0	0	0	9299	91.93	23.11	10.51	36.08	26.23	40.89	48.73	1.43	30.77	29.93
8/12/2020 3:45:43 PM	7.27	4.28	2.59	2.68	0.00	0.00	0.00	0.36	16.82	60.51	4.39	17.20	3853	4283	1165	81	0	0	0	0	9382	91.82	23.76	10.30	35.56	26.33	40.56	50.47	1.43	30.74	29.90
8/12/2020 3:45:45 PM	7.61	4.01	1.57	3.16	0.00	0.00	0.00	0.38	16.35	60.59	4.46	17.48	4033	4012	705	95	0	0	0	0	8845	91.94	22.87	10.02	34.59	25.91	40.68	49.24	1.44	30.71	29.92
8/12/2020 3:45:47 PM	6.13	4.49	2.10	2.10	0.00	0.00	0.00	0.39	14.81	60.42	4.52	17.38	3249	4488	944	63	0	0	0	0	8744	91.67	20.29	9.63	33.81	23.31	37.43	42.38	1.44	30.69	29.95
8/12/2020 3:45:50 PM	6.74	4.32	2.25	2.31	0.00	0.00	0.00	0.35	15.62	60.35	4.60	17.59	3572	4320	1010	69	0	0	0	0	8971	91.57	21.46	9.43	34.00	24.25	38.50	45.54	1.45	30.66	29.88
8/12/2020 3:45:52 PM	6.06	4.47	2.36	1.87	0.00	0.00	0.00	0.37	14.76	60.16	4.67	17.77	3210	4473	1063	56	0	0	0	0	8802	91.28	20.14	9.13	33.31	23.06	36.86	42.17	1.46	30.66	29.88
8/12/2020 3:45:54 PM	6.19	4.48	1.95	1.82	0.00	0.00	0.00	0.41	14.44	60.56	4.70	17.43	3283	4481	876	55	0	0	0	0	8695	91.90	19.17	8.87	32.92	22.88	36.40	40.88	1.46	30.61	29.87
8/12/2020 3:45:57 PM	6.92	3.83	0.55	3.04	0.00	0.00	0.00	0.42	14.34	60.44	4.75	16.73	3667	3832	246	91	0	0	0	0	7836	91.72	19.57	9.57	32.08	23.22	37.55	42.24	1.47	30.57	29.93
8/12/2020 3:45:59 PM	6.09	4.18	1.21	1.98	0.00	0.00	0.00	0.50	13.46	60.10	4.91	15.90	3226	4176	544	60	0	0	0	0	8006	91.20	17.84	8.40	31.09	22.42	35.00	38.61	1.48	30.57	29.85
8/12/2020 3:46:02 PM	5.63	4.76	2.38	1.06	0.00	0.00	0.00	0.47	13.83	60.33	4.99	15.10	2981	4762	1071	32	0	0	0	0	8847	91.55	17.87	8.29	32.44	22.29	34.55	38.19	1.49	30.51	29.92
8/12/2020 3:46:04 PM	6.21	4.62	2.13	1.23	0.00	0.00	0.00	0.45	14.19	60.28	5.05	15.71	3294	4623	958	37	0	0	0	0	8913	91.46	17.98	8.29	32.41	22.69	34.88	39.51	1.49	30.49	29.88
8/12/2020 3:46:06 PM	5.93	4.72	2.14	1.23	0.00	0.00	0.00	0.51	14.03	60.39	5.10	16.28	3143	4724	963	37	0	0	0	0	8867	91.64	18.06	8.72	32.81	22.98	34.93	39.16	1.50	30.47	29.82
8/12/2020 3:46:09 PM	6.68	4.70	1.98	1.21	0.00	0.00	0.00	0.46	14.57	60.24	5.17	16.35	3541	4698	890	36	0	0	0	0	9165	91.41	17.95	8.16	32.87	23.27	35.48	40.40	1.51	30.41	29.92
8/12/2020 3:46:11 PM	6.82	5.32	2.01	0.97	0.00	0.00	0.00	0.40	15.13	60.39	5.25	15.96	3613	5324	906	29	0	0	0	0	9872	91.63	17.69	8.81	35.41	22.96	37.05	39.67	1.51	30.38	29.88
8/12/2020 3:46:13 PM	6.79	4.60	1.76	0.92	0.00	0.00	0.00	0.48	14.07	59.52	5.29	15.57	3598	4595	792	28	0	0	0	0	9013	90.31	16.51	7.90	31.74	22.59	33.58	38.58	1.52	30.35	29.83
8/12/2020 3:46:16 PM	7.45	4.83	2.27	0.47	0.00	0.00	0.00	0.54	15.03	60.10	5.31	15.83	3950	4832	1022	14	0	0	0	0	9818	91.20	17.10	7.33	32.66	24.43	34.25	41.57	1.52	30.29	29.90
8/12/2020 3:46:18 PM	7.83	4.47	1.88	0.53	0.00	0.00	0.00	0.59	14.72	59.94	5.36	16.09	4152	4474	845	16	0	0	0	0	9487	90.96	16.42	7.04	31.16	24.69	32.88	41.64	1.53	30.25	29.83
8/12/2020 3:46:21 PM	8.15	4.23	1.45	0.88	0.00	0.00	0.00	0.59	14.69	59.49	5.44	15.49	4318	4225	650	26	0	0	0	0	9220	90.27	16.46	6.95	30.59	24.79	33.11	42.16	1.53	30.24	29.79
8/12/2020 3:46:23 PM	8.33	4.80	2.34	0.22	0.00	0.00	0.00	0.59	15.69	59.23	5.49	15.15	4417	4799	1051	7	0	0	0	0	10273	89.87	17.08	7.41	32.87	25.83	33.81	43.96	1.54	30.18	29.83
8/12/2020 3:46:25 PM	8.65	4.86	2.19	0.37	0.00	0.00	0.00	0.61	16.07	59.22	5.51	15.27	4585	4861	984	11	0	0	0	0	10441	89.86	17.51	7.47	33.55	26.56	34.90	45.18	1.54	30.14	29.80
8/12/2020 3:46:28 PM	9.19	5.08	2.23	0.19	0.00	0.00	0.00	0.66	16.68	59.31	5.54	15.34	4870	5077	1002	6	0	0	0	0	10954	89.99	17.66	7.63	34.65	27.79	35.57	46.78	1.54	30.10	29.78
8/12/2020 3:46:30 PM	9.23	4.69	2.18	0.33	0.00	0.00	0.00	0.60	16.43	59.31	5.54	15.43	4892	4693	979	10	0	0	0	0	10574	90.00	17.51	7.58	33.26	27.07	34.36	46.67	1.54	30.06	29.79
8/12/2020 3:46:33 PM	9.35	4.40	1.69	0.83	0.00	0.00	0.00	0.63	16.26	59.72	5.56	15.58	4954	4395	761	25	0	0	0	0	10135	90.62	17.84	7.39	32.53	27.33	34.91	47.23	1.54	30.01	29.72
8/12/2020 3:46:35 PM	8.92	4.76	1.93	0.73	0.00	0.00	0.00	0.69	16.34	59.50	5.62	15.17	4726	4757	871	22	0	0	0	0	10375	90.28	18.33	7.62	33.84	27.91	36.01	47.14	1.55	29.95	29.78
8/12/2020 3:46:37 PM	9.30	5.11	2.51	0.18	0.00	0.00	0.00	0.62	17.10	59.59	5.66	14.99	4928	5112	1127	5	0	0	0	0	11174	90.42	18.28	7.87	35.18	28.00	36.00	48.00	1.55	29.92	29.74
8/12/2020 3:46:40 PM	9.49	4.97	1.82	0.69	0.00	0.00	0.00	0.67	16.97	59.36	5.69	15.34	5028	4974	820	21	0	0	0	0	10842	90.07	18.39	8.02	35.16	28.44	36.97	48.21	1.56	29.86	29.75
8/12/2020 3:46:42 PM	9.35	5.18	2.73	0.11	0.00	0.00	0.00	0.63	17.37	59.32	5.74	15.30	4956	5182	1229	3	0	0	0	0	11371	90.01	18.72	7.80	35.55	28.52	36.38	48.97	1.56	29.83	29.67
8/12/2020 3:46:44 PM	10.00	4.61	1.95	0.40	0.00	0.00	0.00	0.66	16.96	59.45	5.80	15.39	5299	4612	877	12	0	0	0	0	10800	90.21	17.77	7.37	33.40	28.50	34.90	48.94	1.57	29.78	29.67
8/12/2020 3:46:47 PM	9.21	4.62	1.79	0.14	0.00	0.00	0.00	0.76	15.75	59.31	5.90	14.57	4879	4617	805	4	0	0	0	0	10305	90.00	16.36	6.71	31.98	27.63	33.20	45.32	1.58	29.71	29.69
8/12/2020 3:46:49 PM	8.91	4.39	1.54	0.38	0.00	0.00	0.00	0.77	15.22	59.70	6.00	13.39	4720	4392	692	11	0	0	0	0	9815	90.59	16.16	6.89	31.11	27.12	32.56	44.31	1.59	29.68	29.66
8/12/2020 3:46:52 PM	8.78	4.75	1.95	0.03	0.00	0.00	0.00	0.80	15.51	59.91	6.10	13.12	4656	4746	876	1	0	0	0	0	10279	90.91	16.33	6.85	32.18	27.58	33.05	44.52	1.60	29.63	29.63
8/12/2020 3:46:54 PM	8.44	4.17	1.56	0.27	0.00	0.00	0.00	0.79	14.44	60.38	6.18	13.27	4471	4175	700	8	0	0	0	0	9354	91.62	15.49	6.33	29.45	26.40	30.95	42.55	1.61	29.57	29.62
8/12/2020 3:46:56 PM	8.92	4.19	1.18	0.43	0.00	0.00	0.00	0.88	14.72	60.54	6.25	13.64	4728	4187	533	13	0	0	0	0	9460	91.86	15.63	6.51	29.95	27.65	31.69	43.88	1.61	29.52	29.61
8/12/2020 3:46:59 PM	8.87	4.23	1.40	0.17	0.00	0.00	0.00	0.84	14.66	60.82	6.31	13.88	4700	4232	629	5	0	0	0	0	9567	92.29	15.21	6.27	29.70	27.11	30.98	43.18	1.62	29.48	29.58
8/12/2020 3:47:01 PM	9.03	4.55	1.66	0.00	0.00	0.00	0.00	0.89	15.24	61.16	6.36	14.08	4784	4550	748	0	0	0	0	0	10083	92.80	15.82	6.30	31.23	28.20	32.07	44.60	1.62	29.42	29.53
8/12/2020 3:47:03 PM	9.14	4.51	1.80	0.12	0.00	0.00	0.00	1.00	15.58	61.17	6.41	14.21	4845	4514	809	4	0	0	0	0	10172	92.82	16.83	6.87	31.63	29.91	32.69	46.98	1.63	29.36	29.53
8/12/2020 3:47:06 PM	8.92	4.33	1.69	0.00	0.00	0.00	0.00	0.90	14.94	61.27	6.47	14.19	4730	4327	760	0	0	0	0	0	9817	92.97	15.64	6.70	30.45	28.06	30.69	44.41	1.63	29.31	29.56
8/12/2020 3:47:08 PM	8.75	3.63	0.98	0.63	0.00	0.00	0.00	1.00	13.99	61.59	6.49	14.31	4636	3631	440	19	0	0	0	0	8726	93.45	15.51	6.08	27.57	28.13	29.91	44.01	1.64	29.25	29.47
8/12/2020 3:47:11 PM	9.09	4.12	1.71	0.09	0.00	0.00	0.00	0.93	15.01	61.45	6.53	14.33	4819	4118	770	3	0	0	0	0	9709	93.24	15.99	6.30	29.57	28.63	30.77	45.61	1.64	29.21	29.49
8/12/2020 3:47:13 PM	9.77	3.89	1.19	0.56	0.00	0.00	0.00	0.96	15.42	61.50	6.55	13.77	5177	3893	535	17	0	0	0	0	9622	93.31	16.54	6.34	29.60	29.64	31.89	47.72	1.64	29.16	29.44
8/12/2020 3:47:15 PM	9.70	4.32	1.77	0.05	0.00	0.00	0.00	0.97	15.84	61.70	6.55	13.21	5139	4316	799	2	0	0	0	0	10255	93.62	16.64	6.46	30.92	30.04	32.10	48.01	1.64	29.09	29.42
8/12/2020 3:47:18 PM	10.33	4.41	1.84	0.00	0.00	0.00	0.00	0.98	16.58	61.65	6.62	12.94	5475	4409	828	0	0	0	0	0	10712	93.55	17.11	6.81	32.04	31.16	32.64	50.23	1.65	29.04	29.42
8/12/2020 3:47:20 PM	10.99	4.68	2.15	0.00	0.00	0.00	0.00	1.05	17.82	61.31	6.66	12.99	5827	4680	968	0	0	0	0	0	11475	93.03	18.69	7.12	34.16	33.60	34.75	54.41	1.65	28.98	29.38
8/12/2020 3:47:23 PM	16.38	5.12	2.31	0.00	0.00	0.00	0.00	1.41	23.81	60.16	6.76	13.01	8684	5120	1039	0	0	0	0	0	14843	91.29	23.57	8.61	40.92	45.62	41.66	75.51	1.66	28.93	29.34
8/12/2020 3:47:25 PM	18.45	5.96	2.67	0.00	0.00	0.00	0.00	1.69	27.07	59.13	6.79	12.90	9776	5957	1202	0	0	0	0	0	16935	89.72	27.15	9.69	47.58	52.62	46.83	86.18	1.67	28.88	29.33
8/12/2020 3:47:27 PM	17.99	5.87	2.74	0.00	0.00	0.00	0.00	1.73	26.60	58.87	6.82	12.95	9537	5868	1232	0	0	0	0	0	16636	89.33	27.01	9.73	46.27	52.46	46.80	85.35	1.67	28.82	29.31
8/12/2020 3:47:30 PM	19.98	6.22	2.68	0.00	0.00	0.00	0.00	1.84	28.89	58.40	6.88	12.68	10591	6223	1208	0	0	0	0	0	18022	88.62	28.70	10.20	49.87	56.63	49.66	92.53	1.67	28.76	29.27
8/12/2020 3:47:32 PM	21.21	6.59	2.70	0.00	0.00	0.00	0.00	1.98	30.50	57.98	6.88	12.66	11240	6590	1217	0	0	0	0	0	19047	87.98	30.20	10.76	53.19	60.14	51.78	97.80	1.67	28.69	29.28
8/12/2020 3:47:34 PM	20.54	6.66	2.57	0.00	0.00	0.00	0.00	1.98	29.77	58.14	6.94	13.17	10886	6662	1156	0	0	0	0	0	18704	88.22	29.54	10.57	52.95	58.98	51.23	95.05	1.68	28.65	29.24
8/12/2020 3:47:37 PM	22.37	6.78	2.73	0.00	0.00	0.00	0.00	2.24	31.88	57.70	7.01	13.11	11856	6784	1228	0	0	0	0	0	19868	87.55	31.77	11.36	55.16	64.64	53.77	103.79	1.69	28.58	29.22
8/12/2020 3:47:39 PM	23.84	6.96	2.38	0.00	0.00	0.00	0.00	3.18	33.18	57.05	7.18	12.25	12634	6960	1073	0	0	0	0	0	20667	86.57	34.45	11.67	57.37	75.93	55.94	114.61	1.70	28.53	29.18
8/12/2020 3:47:42 PM	24.23	7.41	2.81	0.00	0.00	0.00	0.00	3.37	34.45	56.64	7.24	11.87	12840	7415	1265	0	0	0	0	0	21520	85.94	36.56	12.36	60.05	79.48	58.99	119.40	1.71	28.47	29.17
8/12/2020 3:47:44 PM	24.30	7.34	2.63	0.00	0.00	0.00	0.00	3.30	34.27	57.10	7.26	11.93	12880	7342	1182	0	0	0	0	0	21404	86.64	35.93	12.14	59.58	78.52	58.51	118.26	1.71	28.42	29.12
8/12/2020 3:47:46 PM	24.48	7.17	2.30	0.00	0.00	0.00	0.00	3.45	33.95	56.77	7.30	12.34	12973	7168	1036	0	0	0	0	0	21177	86.14	35.51	11.85	58.58	79.62	57.79	118.55	1.72	28.34	29.08
8/12/2020 3:47:49 PM	24.72	7.52	2.64	0.00	0.00	0.00	0.00	3.44	34.88	56.46	7.33	12.27	13102	7522	1189	0	0	0	0	0	21813	85.67	36.76	12.40	61.02	80.76	59.52	120.89	1.72	28.29	29.08
8/12/2020 3:47:51 PM	24.68	7.40	2.73	0.00	0.00	0.00	0.00	3.24	34.81	56.83	7.34	11.96	13078	7402	1229	0	0	0	0	0	21709	86.22	36.31	12.15	60.12	78.71	59.30	119.50	1.72	28.23	29.07
8/12/2020 3:47:53 PM	25.98	7.70	2.43	0.00	0.00	0.00	0.00	3.58	36.12	56.72	7.38	12.32	13770	7703	1094	0	0	0	0	0	22568	86.06	37.53	12.90	63.22	83.72	60.68	125.15	1.72	28.18	29.06
8/12/2020 3:47:56 PM	24.92	7.70	2.46	0.00	0.00	0.00	0.00	3.52	35.08	57.03	7.46	12.32	13206	7702	1106	0	0	0	0	0	22014	86.54	36.81	12.59	62.12	81.66	60.00	121.39	1.73	28.11	29.01
8/12/2020 3:47:58 PM	23.05	7.46	2.99	0.00	0.00	0.00	0.00	3.23	33.49	57.34	7.48	11.89	12215	7459	1344	0	0	0	0	0	21018	87.00	35.92	12.10	58.87	76.72	58.83	115.30	1.73	28.06	29.01
8/12/2020 3:48:01 PM	23.78	7.31	2.38	0.00	0.00	0.00	0.00	3.37	33.46	57.31	7.53	12.09	12601	7308	1071	0	0	0	0	0	20980	86.95	35.18	11.89	58.72	78.04	57.76	116.03	1.74	28.00	28.94
8/12/2020 3:48:03 PM	23.69	7.25	2.32	0.00	0.00	0.00	0.00	3.41	33.26	57.58	7.57	12.49	12555	7251	1043	0	0	0	0	0	20849	87.36	35.10	11.78	58.77	78.25	56.96	115.83	1.74	27.94	28.94
8/12/2020 3:48:05 PM	22.85	6.74	1.68	0.00	0.00	0.00	0.00	3.45	31.27	58.08	7.67	12.36	12112	6741	755	0	0	0	0	0	19608	88.13	32.72	11.15	55.16	75.94	53.39	110.44	1.75	27.87	28.88
8/12/2020 3:48:08 PM	17.28	5.43	1.82	0.00	0.00	0.00	0.00	3.01	24.53	59.70	7.79	11.96	9158	5427	818	0	0	0	0	0	15404	90.59	27.40	9.18	43.52	62.67	44.01	89.15	1.76	27.83	28.87
8/12/2020 3:48:10 PM	15.85	5.01	1.76	0.00	0.00	0.00	0.00	2.63	22.62	60.05	7.84	11.97	8401	5006	793	0	0	0	0	0	14200	91.13	25.10	8.41	40.43	56.32	40.48	81.11	1.77	27.76	28.88
8/12/2020 3:48:13 PM	13.53	4.23	1.46	0.00	0.00	0.00	0.00	2.37	19.22	61.17	7.94	11.52	7169	4233	658	0	0	0	0	0	12061	92.82	21.67	7.20	34.25	49.31	35.10	70.04	1.78	27.70	28.82
8/12/2020 3:48:15 PM	13.31	3.94	1.19	0.00	0.00	0.00	0.00	2.25	18.44	61.51	8.04	11.24	7054	3941	534	0	0	0	0	0	11530	93.34	20.29	6.84	32.41	47.00	33.30	67.00	1.79	27.64	28.81
8/12/2020 3:48:17 PM	12.04	3.68	1.18	0.00	0.00	0.00	0.00	2.20	16.90	62.21	8.13	11.06	6381	3681	530	0	0	0	0	0	10592	94.40	19.15	6.44	30.04	44.45	31.18	62.38	1.80	27.59	28.77
8/12/2020 3:48:20 PM	11.85	3.74	1.19	0.00	0.00	0.00	0.00	2.08	16.78	62.34	8.17	10.92	6279	3741	538	0	0	0	0	0	10558	94.59	18.84	6.27	30.01	43.10	31.35	60.96	1.80	27.52	28.72
8/12/2020 3:48:22 PM	10.61	3.07	0.88	0.17	0.00	0.00	0.00	1.91	14.74	63.31	8.31	10.94	5625	3073	397	5	0	0	0	0	9100	96.06	16.86	5.64	25.96	38.77	27.69	54.71	1.81	27.46	28.67
8/12/2020 3:48:24 PM	10.15	3.24	1.21	0.00	0.00	0.00	0.00	1.87	14.60	63.63	8.42	10.66	5380	3239	545	0	0	0	0	0	9164	96.55	16.90	5.59	26.28	38.15	27.63	53.70	1.82	27.41	28.67
8/12/2020 3:48:27 PM	9.97	2.98	0.91	0.20	0.00	0.00	0.00	1.83	14.05	63.97	8.49	10.66	5281	2975	410	6	0	0	0	0	8673	97.07	16.35	5.44	25.01	37.05	26.84	52.20	1.83	27.34	28.68
8/12/2020 3:48:29 PM	9.91	3.14	0.98	0.00	0.00	0.00	0.00	1.83	14.03	64.30	8.56	10.74	5254	3137	439	0	0	0	0	0	8831	97.56	16.02	5.36	25.62	36.89	26.44	51.52	1.84	27.28	28.62
8/12/2020 3:48:32 PM	9.15	3.04	1.06	0.00	0.00	0.00	0.00	1.71	13.25	64.52	8.64	10.98	4850	3041	476	0	0	0	0	0	8367	97.90	15.40	5.03	24.59	34.70	25.42	48.48	1.85	27.21	28.57
8/12/2020 3:48:34 PM	9.36	3.07	1.26	0.00	0.00	0.00	0.00	1.67	13.70	64.40	8.69	11.21	4962	3071	568	0	0	0	0	0	8602	97.72	15.91	5.19	24.85	34.95	26.17	49.75	1.85	27.16	28.53
8/12/2020 3:48:36 PM	9.41	3.17	1.06	0.00	0.00	0.00	0.00	1.72	13.64	64.74	8.77	11.27	4987	3167	479	0	0	0	0	0	8632	98.24	15.67	5.28	25.40	35.22	26.13	49.41	1.86	27.08	28.52
8/12/2020 3:48:39 PM	9.03	2.82	0.98	0.07	0.00	0.00	0.00	1.73	12.91	65.12	8.84	11.12	4785	2820	443	2	0	0	0	0	8050	98.82	15.20	4.97	23.27	34.50	24.94	48.13	1.87	27.03	28.47
8/12/2020 3:48:41 PM	9.38	2.80	1.01	0.13	0.00	0.00	0.00	1.68	13.32	65.31	8.93	10.87	4972	2799	454	4	0	0	0	0	8230	99.11	15.50	5.03	23.58	34.64	25.39	49.23	1.88	26.97	28.46
8/12/2020 3:48:43 PM	9.29	2.63	0.68	0.30	0.00	0.00	0.00	1.68	12.90	65.37	9.00	10.67	4924	2628	307	9	0	0	0	0	7867	99.19	15.04	4.85	22.75	34.07	24.95	48.14	1.88	26.90	28.42
8/12/2020 3:48:46 PM	9.08	2.67	0.92	0.05	0.00	0.00	0.00	1.64	12.74	65.87	9.04	10.84	4814	2674	416	2	0	0	0	0	7906	99.95	14.67	4.80	22.52	33.44	24.14	47.21	1.89	26.85	28.43
8/12/2020 3:48:48 PM	8.97	2.81	0.99	0.03	0.00	0.00	0.00	1.65	12.80	65.87	9.12	10.82	4753	2809	445	1	0	0	0	0	8008	99.95	14.81	4.84	23.02	33.49	24.63	47.10	1.89	26.79	28.37
8/12/2020 3:48:51 PM	8.78	2.86	0.97	0.00	0.00	0.00	0.00	1.65	12.61	65.93	9.16	10.45	4652	2857	437	0	0	0	0	0	7947	100.05	14.64	4.84	23.21	33.25	24.30	46.34	1.90	26.73	28.35
8/12/2020 3:48:53 PM	8.68	2.63	0.50	0.41	0.00	0.00	0.00	1.69	12.22	66.25	9.17	10.48	4602	2628	224	12	0	0	0	0	7466	100.54	14.62	4.95	22.37	33.22	24.62	45.97	1.90	26.67	28.31
8/12/2020 3:48:55 PM	8.65	2.61	0.75	0.21	0.00	0.00	0.00	1.68	12.23	66.46	9.35	10.47	4587	2612	336	6	0	0	0	0	7542	100.85	14.56	4.79	22.08	33.18	24.02	46.07	1.92	26.61	28.28
8/12/2020 3:48:58 PM	8.70	2.67	0.75	0.19	0.00	0.00	0.00	1.70	12.31	66.76	9.50	10.21	4611	2669	335	6	0	0	0	0	7622	101.30	14.59	4.90	22.36	33.41	24.17	46.25	1.93	26.55	28.28
8/12/2020 3:49:00 PM	8.64	2.65	0.90	0.16	0.00	0.00	0.00	1.63	12.36	67.22	9.61	10.18	4579	2653	405	5	0	0	0	0	7643	102.00	14.66	4.77	22.25	32.84	24.14	46.07	1.94	26.48	28.21
8/12/2020 3:49:02 PM	9.01	2.82	1.04	0.12	0.00	0.00	0.00	1.68	13.00	68.03	9.75	10.13	4777	2825	468	4	0	0	0	0	8074	103.23	15.35	5.02	23.41	34.18	25.18	48.16	1.96	26.43	28.17
8/12/2020 3:49:05 PM	8.89	2.78	1.01	0.10	0.00	0.00	0.00	1.68	12.77	68.42	9.80	10.06	4709	2778	454	3	0	0	0	0	7945	103.82	15.07	4.98	23.03	33.84	24.69	47.46	1.96	26.35	28.13
8/12/2020 3:49:07 PM	8.51	2.84	1.17	0.00	0.00	0.00	0.00	1.68	12.52	68.46	9.90	10.19	4513	2836	526	0	0	0	0	0	7875	103.89	14.99	4.90	22.95	33.46	24.39	46.57	1.97	26.30	28.10
8/12/2020 3:49:10 PM	8.61	2.70	1.01	0.12	0.00	0.00	0.00	1.69	12.43	68.76	9.99	10.16	4561	2696	456	3	0	0	0	0	7716	104.34	14.95	4.74	22.42	33.54	24.29	46.74	1.98	26.24	28.08
8/12/2020 3:49:12 PM	9.36	3.09	1.07	0.00	0.00	0.00	0.00	1.75	13.51	68.82	10.06	10.10	4958	3085	480	0	0	0	0	0	8524	104.43	15.67	5.20	24.93	35.45	25.86	49.51	1.99	26.17	28.07
8/12/2020 3:49:14 PM	9.55	3.03	1.14	0.00	0.00	0.00	0.00	1.74	13.72	68.86	10.13	10.06	5062	3031	511	0	0	0	0	0	8605	104.49	15.85	5.30	24.78	35.69	25.99	50.34	1.99	26.11	28.05
8/12/2020 3:49:17 PM	10.57	3.32	1.38	0.00	0.00	0.00	0.00	1.90	15.27	68.89	10.19	9.96	5605	3317	621	0	0	0	0	0	9543	104.54	17.72	5.76	27.51	39.38	28.16	56.04	2.00	26.05	28.01
8/12/2020 3:49:19 PM	10.13	3.01	1.29	0.17	0.00	0.00	0.00	1.84	14.61	69.11	10.19	10.04	5370	3014	580	5	0	0	0	0	8970	104.87	17.36	5.40	25.56	38.09	27.60	54.44	2.00	25.99	27.95
8/12/2020 3:49:21 PM	10.08	3.25	1.30	0.00	0.00	0.00	0.00	1.92	14.63	69.19	10.20	10.20	5342	3252	583	0	0	0	0	0	9177	104.99	17.20	5.47	26.37	38.67	27.79	54.22	2.00	25.93	27.93
8/12/2020 3:49:24 PM	10.34	2.87	0.89	0.35	0.00	0.00	0.00	1.92	14.44	69.24	10.25	10.32	5480	2866	398	11	0	0	0	0	8755	105.08	17.18	5.43	25.14	38.72	27.47	54.72	2.00	25.87	27.87
8/12/2020 3:49:26 PM	11.48	3.54	1.79	0.00	0.00	0.00	0.00	1.92	16.81	74.30	10.33	10.04	6082	3542	805	0	0	0	0	0	10429	112.74	19.45	6.31	29.42	41.73	30.62	60.98	2.01	25.80	27.87
8/12/2020 3:49:29 PM	11.71	4.08	1.56	0.00	0.00	0.00	0.00	2.41	17.36	100.00	9.59	9.94	6207	4082	704	0	0	0	0	0	10994	160.22	20.90	6.95	33.48	47.14	31.65	64.84	1.94	25.75	27.82
8/12/2020 3:49:31 PM	9.81	3.42	1.10	0.00	0.00	0.00	0.00	2.27	14.34	100.00	8.26	10.20	5199	3422	497	0	0	0	0	0	9118	162.75	17.74	5.94	28.10	41.76	26.96	55.41	1.81	25.68	27.81
8/12/2020 3:49:33 PM	14.34	5.27	1.35	0.00	0.00	0.00	0.00	3.34	20.95	100.00	7.37	10.87	7600	5266	607	0	0	0	0	0	13473	159.20	25.42	8.61	41.69	61.03	38.76	80.26	1.72	25.63	27.81
8/12/2020 3:49:36 PM	20.68	7.82	1.76	0.00	0.00	0.00	0.00	4.33	30.25	99.13	6.63	11.61	10959	7818	791	0	0	0	0	0	19569	150.45	34.97	12.19	60.29	82.92	55.02	111.27	1.65	25.57	27.72
8/12/2020 3:49:38 PM	14.55	6.87	2.05	0.00	0.00	0.00	0.00	2.55	23.46	100.00	5.87	12.45	7709	6873	921	0	0	0	0	0	15503	162.19	26.42	10.28	49.42	55.56	45.91	78.13	1.58	25.50	27.70
8/12/2020 3:49:41 PM	11.22	6.52	2.31	0.00	0.00	0.00	0.00	1.80	20.06	100.00	5.33	13.46	5947	6523	1040	0	0	0	0	0	13511	163.20	22.77	9.67	44.53	43.39	41.84	62.53	1.52	25.45	27.67
8/12/2020 3:49:43 PM	7.04	6.98	3.74	0.99	0.00	0.00	0.00	1.24	18.75	100.00	4.47	15.14	3731	6978	1684	30	0	0	0	0	12423	170.44	25.55	11.97	45.43	36.12	46.39	55.38	1.44	25.39	27.65
8/12/2020 3:49:45 PM	9.20	6.97	5.32	2.55	0.00	0.00	0.00	1.32	24.04	100.00	3.26	19.38	4876	6968	2395	77	0	0	0	0	14315	169.66	35.70	15.60	52.62	45.48	55.87	76.79	1.32	25.33	27.62
8/12/2020 3:49:48 PM	9.66	4.43	9.89	0.00	0.00	0.00	0.00	0.82	23.98	100.00	2.34	24.18	5122	4430	4450	0	0	0	0	0	14002	161.53	35.83	9.41	41.27	42.44	39.18	82.28	1.23	25.30	27.55
8/12/2020 3:49:50 PM	7.06	3.32	5.75	0.00	0.00	0.00	0.00	0.71	16.14	100.00	1.52	26.05	3743	3322	2589	0	0	0	0	0	9654	168.12	23.15	5.41	28.67	29.65	29.16	54.45	1.15	25.25	27.55
8/12/2020 3:49:52 PM	7.78	1.93	2.15	0.00	0.00	0.00	0.00	0.49	11.86	100.00	0.80	27.02	4125	1927	967	0	0	0	0	0	7019	173.23	13.05	3.98	18.95	21.18	19.94	38.65	1.08	25.22	27.51
8/12/2020 3:49:55 PM	5.06	2.10	1.09	0.00	0.00	0.00	0.00	0.47	8.25	100.00	0.03	27.53	2684	2100	489	0	0	0	0	0	5273	173.15	9.09	2.06	16.33	15.39	17.44	25.12	1.00	25.19	27.44
8/12/2020 3:49:57 PM	2.98	1.88	0.93	0.00	0.00	0.00	0.00	0.65	5.79	96.24	-0.27	27.41	1579	1883	419	0	0	0	0	0	3881	146.05	7.63	2.68	13.24	13.82	14.81	19.09	0.97	25.16	27.44
8/12/2020 3:50:00 PM	0.00	1.76	0.00	0.00	0.00	0.00	0.00	0.81	1.76	74.99	-0.55	27.03	0	1755	0	0	0	0	0	0	1755	113.80	3.45	1.08	10.66	9.95	9.61	6.35	0.95	25.13	27.40
8/12/2020 3:50:02 PM	0.00	0.41	0.00	0.00	0.00	0.00	0.00	0.00	0.41	93.94	-0.64	26.46	0	413	0	0	0	0	0	0	413	142.56	1.82	0.17	2.53	-1.40	5.30	-2.32	0.94	25.12	27.30
8/12/2020 3:50:04 PM	0.00	0.71	0.00	0.00	0.00	0.00	0.00	0.04	0.71	98.80	-0.64	25.28	0	709	0	0	0	0	0	0	709	149.94	-1.35	0.41	4.65	1.40	5.90	0.21	0.94	25.08	27.37
8/12/2020 3:50:07 PM	1.04	0.77	0.00	0.00	0.00	0.00	0.00	0.00	1.81	97.19	-0.64	24.19	552	770	0	0	0	0	0	0	1322	147.50	-1.44	4.86	5.42	-1.07	7.23	4.81	0.94	25.04	27.36
8/12/2020 3:50:09 PM	0.27	0.15	0.01	0.00	0.00	0.00	0.00	0.15	0.43	98.33	-0.64	23.30	143	150	4	0	0	0	0	0	297	149.22	1.24	-0.62	3.05	1.93	2.93	1.70	0.94	25.04	27.20
8/12/2020 3:50:11 PM	0.76	0.30	0.00	0.00	0.00	0.00	0.00	0.03	1.07	96.48	-0.64	22.63	405	303	0	0	0	0	0	0	708	146.43	0.62	1.44	4.71	1.66	3.01	2.38	0.94	25.02	27.22
8/12/2020 3:50:14 PM	0.00	0.10	0.00	0.00	0.00	0.00	0.00	0.00	0.10	97.48	-0.64	22.07	0	97	0	0	0	0	0	0	97	147.93	-2.29	-1.27	1.14	-0.86	4.71	-1.83	0.94	24.97	27.26
8/17/2020 9:08:16 AM	6.12	20.84	2.03	0.00	0.00	0.00	0.00	0.44	28.99	91.68	0.01	23.17	3244	20842	914	0	0	0	0	0	24999	139.14	27.48	19.46	104.70	32.43	95.88	38.71	1.00	23.87	22.85
8/17/2020 9:08:18 AM	5.98	20.44	2.51	0.00	0.00	0.00	0.00	0.30	28.93	91.20	0.04	23.19	3169	20441	1130	0	0	0	0	0	24740	138.40	27.72	19.76	102.52	31.23	95.13	39.06	1.00	23.90	22.85
8/17/2020 9:08:21 AM	4.93	20.06	2.55	0.00	0.00	0.00	0.00	0.42	27.55	91.64	0.07	23.20	2615	20061	1149	0	0	0	0	0	23825	139.07	27.35	17.86	99.88	30.81	93.17	36.78	1.01	23.93	22.89
8/17/2020 9:08:23 AM	5.88	20.16	1.94	0.00	0.00	0.00	0.00	0.34	27.98	90.69	0.08	23.19	3118	20159	872	0	0	0	0	0	24149	137.62	26.13	19.28	100.12	30.38	93.78	36.52	1.01	23.97	22.85
8/17/2020 9:08:26 AM	6.97	20.50	1.55	0.00	0.00	0.00	0.00	0.36	29.02	90.34	0.10	23.19	3694	20501	696	0	0	0	0	0	24891	137.10	26.32	18.49	102.61	31.71	95.46	38.55	1.01	24.00	22.91
8/17/2020 9:08:28 AM	5.37	20.51	2.12	0.00	0.00	0.00	0.00	0.56	28.00	90.93	0.13	23.19	2847	20508	954	0	0	0	0	0	24308	138.00	27.10	19.94	101.66	32.42	94.98	37.51	1.01	24.02	22.94
8/17/2020 9:08:30 AM	4.78	20.83	2.92	0.00	0.00	0.00	0.00	0.45	28.53	90.04	0.16	23.18	2534	20829	1315	0	0	0	0	0	24679	136.65	28.75	19.77	103.60	32.14	96.51	38.42	1.02	24.05	22.94
8/17/2020 9:08:33 AM	6.16	20.50	2.44	0.00	0.00	0.00	0.00	0.25	29.10	89.55	0.18	23.15	3263	20501	1099	0	0	0	0	0	24862	135.91	27.59	20.03	103.12	30.96	95.09	38.98	1.02	24.10	22.94
8/17/2020 9:08:35 AM	6.40	20.44	1.95	0.00	0.00	0.00	0.00	0.33	28.78	89.51	0.20	23.14	3392	20435	877	0	0	0	0	0	24704	135.84	26.73	19.40	102.26	31.26	94.93	38.24	1.02	24.13	22.97
8/17/2020 9:08:37 AM	6.22	20.17	2.17	0.00	0.00	0.00	0.00	0.32	28.57	89.62	0.22	23.15	3298	20172	977	0	0	0	0	0	24448	136.00	27.19	16.93	101.64	31.05	93.78	38.45	1.02	24.16	22.99
8/17/2020 9:08:40 AM	5.37	19.82	2.46	0.00	0.00	0.00	0.00	0.38	27.65	89.63	0.24	23.15	2846	19815	1107	0	0	0	0	0	23768	136.01	27.07	17.63	98.95	30.65	92.46	37.34	1.02	24.19	23.00
8/17/2020 9:08:42 AM	4.70	20.51	2.37	0.00	0.00	0.00	0.00	0.52	27.58	88.80	0.26	23.15	2489	20515	1067	0	0	0	0	0	24071	134.75	27.44	18.17	102.00	31.51	94.32	36.14	1.03	24.23	23.01
8/17/2020 9:08:45 AM	6.23	20.35	2.38	0.00	0.00	0.00	0.00	0.28	28.96	88.56	0.28	23.15	3300	20354	1070	0	0	0	0	0	24724	134.39	27.43	19.29	101.77	31.12	95.32	39.12	1.03	24.25	23.01
8/17/2020 9:08:47 AM	5.44	20.58	2.65	0.00	0.00	0.00	0.00	0.34	28.67	87.02	0.29	23.16	2885	20576	1192	0	0	0	0	0	24653	132.05	28.08	18.93	103.16	31.27	95.23	38.35	1.03	24.27	23.02
8/17/2020 9:08:49 AM	5.99	20.29	2.43	0.00	0.00	0.00	0.00	0.33	28.71	87.43	0.31	23.17	3177	20287	1094	0	0	0	0	0	24559	132.68	27.63	18.73	102.15	31.40	94.19	39.01	1.03	24.30	23.04
8/17/2020 9:08:52 AM	5.86	20.24	2.26	0.00	0.00	0.00	0.00	0.30	28.36	88.02	0.33	23.17	3104	20243	1018	0	0	0	0	0	24365	133.57	27.05	18.41	101.94	30.47	93.39	37.48	1.03	24.34	23.06
8/17/2020 9:08:54 AM	5.36	20.08	2.22	0.00	0.00	0.00	0.00	0.39	27.66	87.35	0.35	23.18	2839	20080	1000	0	0	0	0	0	23919	132.56	26.73	18.41	100.54	30.53	92.52	36.41	1.03	24.36	23.07
8/17/2020 9:08:57 AM	5.31	19.96	2.63	0.00	0.00	0.00	0.00	0.36	27.90	86.72	0.38	23.17	2814	19964	1185	0	0	0	0	0	23962	131.60	27.49	18.92	100.60	30.81	92.11	37.80	1.04	24.39	23.11
8/17/2020 9:08:59 AM	5.26	20.43	2.32	0.00	0.00	0.00	0.00	0.36	28.01	85.60	0.40	23.17	2785	20426	1046	0	0	0	0	0	24258	129.91	27.11	18.59	101.85	30.53	94.28	36.42	1.04	24.42	23.10
8/17/2020 9:09:01 AM	5.79	19.97	2.09	0.00	0.00	0.00	0.00	0.33	27.85	85.59	0.42	23.17	3068	19975	940	0	0	0	0	0	23983	129.88	26.54	17.33	100.52	30.23	92.16	36.69	1.04	24.45	23.11
8/17/2020 9:09:04 AM	6.20	20.50	2.00	0.00	0.00	0.00	0.00	0.20	28.71	84.91	0.45	23.16	3286	20505	901	0	0	0	0	0	24691	128.85	26.58	18.94	103.26	29.77	94.20	36.78	1.04	24.48	23.11
8/17/2020 9:09:06 AM	5.15	20.34	2.36	0.00	0.00	0.00	0.00	0.41	27.85	83.83	0.47	23.19	2728	20343	1063	0	0	0	0	0	24134	127.22	27.27	18.02	101.64	30.87	93.79	36.60	1.05	24.50	23.17
8/17/2020 9:09:08 AM	5.11	20.26	2.58	0.00	0.00	0.00	0.00	0.28	27.95	83.54	0.51	23.19	2708	20260	1162	0	0	0	0	0	24130	126.78	27.24	18.85	101.02	29.77	93.82	36.36	1.05	24.53	23.12
8/17/2020 9:09:11 AM	5.44	20.17	2.34	0.00	0.00	0.00	0.00	0.29	27.95	83.68	0.54	23.17	2885	20167	1055	0	0	0	0	0	24106	126.99	26.78	19.08	100.64	29.89	93.40	36.44	1.05	24.55	23.17
8/17/2020 9:09:13 AM	5.69	20.06	2.08	0.00	0.00	0.00	0.00	0.30	27.83	82.33	0.57	23.16	3015	20058	937	0	0	0	0	0	24011	124.94	26.21	19.09	100.10	29.78	92.84	36.10	1.06	24.58	23.16
8/17/2020 9:09:16 AM	4.95	20.07	2.42	0.00	0.00	0.00	0.00	0.34	27.44	81.59	0.60	23.15	2624	20074	1088	0	0	0	0	0	23787	123.81	26.75	18.57	99.82	29.75	92.87	35.56	1.06	24.61	23.17
8/17/2020 9:09:18 AM	5.03	19.64	2.65	0.00	0.00	0.00	0.00	0.30	27.32	81.00	0.63	23.16	2666	19639	1193	0	0	0	0	0	23498	122.92	26.79	18.61	97.43	29.49	92.02	36.37	1.06	24.63	23.20
8/17/2020 9:09:20 AM	4.37	20.05	2.99	0.00	0.00	0.00	0.00	0.35	27.42	80.98	0.67	23.15	2318	20047	1347	0	0	0	0	0	23713	122.90	27.88	18.23	100.11	30.06	92.65	36.36	1.07	24.66	23.19
8/17/2020 9:09:23 AM	4.78	19.89	2.78	0.00	0.00	0.00	0.00	0.29	27.44	80.03	0.70	23.13	2532	19889	1250	0	0	0	0	0	23670	121.45	27.31	17.91	99.40	29.49	92.17	36.13	1.07	24.67	23.24
8/17/2020 9:09:25 AM	5.97	19.89	2.14	0.00	0.00	0.00	0.00	0.24	27.99	80.50	0.74	23.17	3165	19887	961	0	0	0	0	0	24013	122.16	26.26	18.62	99.56	29.59	92.48	36.75	1.07	24.69	23.26
8/17/2020 9:09:28 AM	5.50	20.06	2.37	0.00	0.00	0.00	0.00	0.32	27.92	80.20	0.76	23.20	2913	20060	1066	0	0	0	0	0	24039	121.71	26.94	18.48	100.45	30.24	92.92	36.93	1.07	24.73	23.25
8/17/2020 9:09:30 AM	5.89	20.05	2.36	0.00	0.00	0.00	0.00	0.25	28.30	80.72	0.79	23.21	3122	20050	1061	0	0	0	0	0	24233	122.50	26.94	18.52	100.51	30.07	93.34	37.60	1.08	24.75	23.29
8/17/2020 9:09:32 AM	5.27	20.40	2.35	0.00	0.00	0.00	0.00	0.36	28.02	80.35	0.82	23.17	2794	20396	1059	0	0	0	0	0	24249	121.93	27.19	19.12	102.61	30.58	93.21	36.57	1.08	24.78	23.30
8/17/2020 9:09:35 AM	5.14	20.14	2.68	0.00	0.00	0.00	0.00	0.29	27.96	80.06	0.85	23.15	2727	20136	1206	0	0	0	0	0	24069	121.50	27.44	18.72	100.64	30.06	93.40	36.99	1.08	24.80	23.29
8/17/2020 9:09:37 AM	6.08	20.12	2.14	0.00	0.00	0.00	0.00	0.21	28.34	80.54	0.87	23.19	3223	20124	961	0	0	0	0	0	24308	122.23	26.50	18.52	100.98	29.62	93.31	36.94	1.09	24.83	23.32
8/17/2020 9:09:39 AM	5.55	20.16	2.59	0.00	0.00	0.00	0.00	0.24	28.29	80.76	0.90	23.21	2941	20156	1165	0	0	0	0	0	24262	122.55	27.36	18.40	100.78	29.96	93.94	37.49	1.09	24.85	23.32
8/17/2020 9:09:42 AM	5.61	20.10	2.53	0.00	0.00	0.00	0.00	0.23	28.24	80.91	0.93	23.22	2973	20103	1137	0	0	0	0	0	24213	122.79	27.19	18.61	100.92	29.80	93.23	37.30	1.09	24.86	23.30
8/17/2020 9:09:44 AM	4.92	20.20	2.86	0.00	0.00	0.00	0.00	0.29	27.98	80.66	0.95	23.21	2606	20199	1288	0	0	0	0	0	24094	122.40	27.73	19.15	100.80	30.03	93.73	37.03	1.09	24.89	23.36
8/17/2020 9:09:47 AM	5.77	20.17	2.44	0.00	0.00	0.00	0.00	0.25	28.38	80.69	0.98	23.18	3058	20168	1099	0	0	0	0	0	24325	122.45	27.24	18.51	101.88	30.09	92.94	37.57	1.10	24.92	23.32
8/17/2020 9:09:49 AM	6.21	20.19	2.29	0.00	0.00	0.00	0.00	0.19	28.69	80.69	1.00	23.18	3291	20193	1029	0	0	0	0	0	24514	122.44	26.88	18.79	101.08	29.90	94.33	37.89	1.10	24.93	23.35
8/17/2020 9:09:51 AM	5.75	20.21	2.14	0.00	0.00	0.00	0.00	0.32	28.11	80.56	1.02	23.17	3047	20215	965	0	0	0	0	0	24226	122.26	26.68	18.60	101.14	30.35	93.52	36.82	1.10	24.97	23.35
8/17/2020 9:09:54 AM	5.51	20.19	2.38	0.00	0.00	0.00	0.00	0.33	28.08	80.96	1.05	23.17	2921	20194	1070	0	0	0	0	0	24185	122.86	27.09	18.82	101.08	30.51	93.47	37.17	1.10	24.99	23.40
8/17/2020 9:09:56 AM	6.03	20.22	2.09	0.00	0.00	0.00	0.00	0.29	28.34	81.11	1.07	23.18	3196	20218	942	0	0	0	0	0	24356	123.09	26.65	18.50	101.44	30.31	93.59	37.22	1.11	25.00	23.39
8/17/2020 9:09:58 AM	5.31	20.17	2.30	0.00	0.00	0.00	0.00	0.31	27.79	80.89	1.10	23.22	2816	20172	1037	0	0	0	0	0	24025	122.75	26.80	18.30	101.20	29.83	92.69	35.99	1.11	25.01	23.43
8/17/2020 9:10:01 AM	5.51	20.00	2.35	0.00	0.00	0.00	0.00	0.32	27.85	80.51	1.12	23.20	2919	19998	1057	0	0	0	0	0	23974	122.17	26.78	18.91	99.91	30.19	92.81	36.88	1.11	25.04	23.43
8/17/2020 9:10:03 AM	5.17	19.90	2.38	0.00	0.00	0.00	0.00	0.30	27.44	81.37	1.15	23.21	2739	19899	1070	0	0	0	0	0	23707	123.48	26.59	17.94	99.24	29.43	92.22	35.68	1.11	25.06	23.45
8/17/2020 9:10:06 AM	5.89	20.10	2.06	0.00	0.00	0.00	0.00	0.27	28.05	81.29	1.17	23.20	3121	20097	927	0	0	0	0	0	24145	123.36	26.40	18.09	100.93	29.82	92.76	36.46	1.11	25.09	23.46
8/17/2020 9:10:08 AM	5.06	20.09	2.52	0.00	0.00	0.00	0.00	0.36	27.67	81.22	1.20	23.21	2679	20087	1136	0	0	0	0	0	23902	123.25	27.20	18.45	100.56	30.33	92.66	36.54	1.12	25.10	23.47
8/17/2020 9:10:10 AM	4.95	19.81	2.76	0.00	0.00	0.00	0.00	0.28	27.51	80.88	1.23	23.21	2621	19813	1240	0	0	0	0	0	23674	122.74	27.23	18.11	98.85	29.58	92.26	36.52	1.12	25.13	23.45
8/17/2020 9:10:13 AM	5.34	20.08	2.56	0.00	0.00	0.00	0.00	0.27	27.98	80.79	1.25	23.19	2831	20078	1152	0	0	0	0	0	24060	122.60	27.22	18.15	100.52	29.84	93.15	36.88	1.12	25.15	23.45
8/17/2020 9:10:15 AM	4.98	19.90	2.78	0.00	0.00	0.00	0.00	0.25	27.66	80.68	1.29	23.15	2641	19896	1250	0	0	0	0	0	23787	122.43	27.29	18.87	99.92	29.44	91.84	36.51	1.13	25.17	23.47
8/17/2020 9:10:17 AM	5.96	19.91	2.05	0.00	0.00	0.00	0.00	0.28	27.92	80.61	1.31	23.14	3158	19913	923	0	0	0	0	0	23994	122.33	26.20	18.24	99.65	29.79	92.51	36.62	1.13	25.18	23.53
8/17/2020 9:10:20 AM	5.61	19.85	2.53	0.00	0.00	0.00	0.00	0.25	27.99	80.99	1.34	23.15	2975	19852	1138	0	0	0	0	0	23964	122.91	26.95	18.83	99.27	29.81	92.68	37.40	1.13	25.20	23.50
8/17/2020 9:10:22 AM	5.70	20.21	2.53	0.00	0.00	0.00	0.00	0.21	28.44	81.00	1.37	23.17	3024	20209	1138	0	0	0	0	0	24371	122.92	27.27	18.56	101.30	29.76	93.95	37.45	1.13	25.22	23.56
8/17/2020 9:10:25 AM	5.54	19.75	2.57	0.00	0.00	0.00	0.00	0.25	27.86	81.10	1.39	23.17	2934	19752	1159	0	0	0	0	0	23844	123.07	26.96	18.58	99.02	29.69	92.04	37.30	1.14	25.24	23.56
8/17/2020 9:10:27 AM	5.09	20.02	2.62	0.00	0.00	0.00	0.00	0.33	27.73	81.24	1.43	23.17	2700	20018	1177	0	0	0	0	0	23895	123.28	27.20	18.85	99.76	30.13	93.04	36.78	1.14	25.26	23.57
8/17/2020 9:10:29 AM	5.01	20.12	2.48	0.00	0.00	0.00	0.00	0.34	27.61	81.35	1.46	23.16	2656	20116	1118	0	0	0	0	0	23890	123.45	27.03	18.63	100.48	30.06	92.80	36.11	1.14	25.28	23.60
8/17/2020 9:10:32 AM	5.61	19.90	2.63	0.00	0.00	0.00	0.00	0.21	28.14	81.30	1.47	23.19	2972	19902	1184	0	0	0	0	0	24058	123.38	27.16	18.98	100.16	29.59	92.34	37.50	1.14	25.29	23.60
8/17/2020 9:10:34 AM	5.16	19.99	2.61	0.00	0.00	0.00	0.00	0.29	27.76	81.67	1.52	23.20	2732	19990	1174	0	0	0	0	0	23897	123.94	27.16	18.57	99.99	29.83	92.65	36.66	1.15	25.32	23.55
8/17/2020 9:10:37 AM	5.09	20.18	2.60	0.00	0.00	0.00	0.00	0.35	27.86	81.47	1.54	23.20	2696	20178	1169	0	0	0	0	0	24044	123.63	27.42	18.80	101.04	30.45	93.15	36.90	1.15	25.34	23.58
8/17/2020 9:10:39 AM	5.29	20.21	2.41	0.00	0.00	0.00	0.00	0.30	27.91	81.84	1.57	23.21	2803	20212	1085	0	0	0	0	0	24100	124.19	26.98	18.72	101.00	29.96	93.38	36.37	1.15	25.36	23.57
8/17/2020 9:10:41 AM	5.82	20.11	2.19	0.00	0.00	0.00	0.00	0.28	28.12	82.09	1.59	23.22	3087	20108	984	0	0	0	0	0	24179	124.57	26.63	18.29	100.65	29.99	93.29	36.85	1.16	25.37	23.70
8/17/2020 9:10:44 AM	5.44	19.72	2.46	0.00	0.00	0.00	0.00	0.22	27.61	81.69	1.62	23.22	2881	19718	1107	0	0	0	0	0	23705	123.96	26.66	17.94	99.59	29.03	90.76	36.20	1.16	25.39	23.63
8/17/2020 9:10:46 AM	5.38	20.01	2.36	0.00	0.00	0.00	0.00	0.31	27.75	82.08	1.66	23.20	2850	20012	1062	0	0	0	0	0	23924	124.56	26.81	18.33	100.45	29.89	92.25	36.38	1.16	25.40	23.68
8/17/2020 9:10:48 AM	5.61	20.26	2.39	0.00	0.00	0.00	0.00	0.28	28.26	82.22	1.69	23.19	2972	20264	1077	0	0	0	0	0	24313	124.78	27.19	18.67	102.13	30.21	93.16	37.15	1.17	25.43	23.67
8/17/2020 9:10:51 AM	5.29	19.99	2.47	0.00	0.00	0.00	0.00	0.29	27.75	82.18	1.73	23.16	2803	19989	1113	0	0	0	0	0	23905	124.72	26.92	18.69	100.28	29.79	92.24	36.47	1.17	25.44	23.67
8/17/2020 9:10:53 AM	4.97	19.80	2.54	0.00	0.00	0.00	0.00	0.33	27.31	82.12	1.77	23.18	2632	19799	1145	0	0	0	0	0	23576	124.62	26.84	18.16	98.86	29.67	91.73	35.98	1.17	25.45	23.71
8/17/2020 9:10:56 AM	5.39	20.06	2.39	0.00	0.00	0.00	0.00	0.28	27.84	82.29	1.80	23.17	2857	20055	1076	0	0	0	0	0	23988	124.88	26.88	18.31	100.78	29.75	92.37	36.38	1.18	25.48	23.68
8/17/2020 9:10:58 AM	5.15	20.06	2.58	0.00	0.00	0.00	0.00	0.31	27.79	82.14	1.82	23.20	2730	20060	1161	0	0	0	0	0	23951	124.65	27.22	18.65	100.61	30.01	92.56	36.67	1.18	25.49	23.72
8/17/2020 9:11:00 AM	5.25	20.11	2.52	0.00	0.00	0.00	0.00	0.29	27.88	82.26	1.86	23.21	2784	20109	1135	0	0	0	0	0	24028	124.84	27.10	18.65	100.65	29.86	92.99	36.58	1.18	25.50	23.72
8/17/2020 9:11:03 AM	5.92	20.19	2.17	0.00	0.00	0.00	0.00	0.25	28.28	82.32	1.90	23.20	3140	20191	975	0	0	0	0	0	24306	124.92	26.66	18.54	101.37	29.91	93.34	36.92	1.19	25.51	23.76
8/17/2020 9:11:05 AM	5.41	20.23	2.50	0.00	0.00	0.00	0.00	0.29	28.14	82.45	1.94	23.19	2868	20229	1126	0	0	0	0	0	24223	125.13	27.26	18.68	101.32	30.14	93.61	37.04	1.19	25.53	23.76
8/17/2020 9:11:07 AM	5.48	20.17	2.52	0.00	0.00	0.00	0.00	0.28	28.17	82.52	1.98	23.20	2904	20168	1135	0	0	0	0	0	24207	125.23	27.27	18.74	101.16	30.12	93.36	37.24	1.19	25.55	23.78
8/17/2020 9:11:10 AM	5.50	20.26	2.33	0.00	0.00	0.00	0.00	0.32	28.09	82.46	2.02	23.18	2913	20261	1050	0	0	0	0	0	24224	125.13	27.06	18.54	101.66	30.35	93.37	36.85	1.20	25.57	23.78
8/17/2020 9:11:12 AM	5.74	20.43	2.29	0.00	0.00	0.00	0.00	0.29	28.45	82.97	2.06	23.19	3042	20427	1029	0	0	0	0	0	24498	125.91	27.17	18.73	102.71	30.44	94.04	37.24	1.20	25.59	23.80
8/17/2020 9:11:15 AM	5.82	20.17	2.65	0.00	0.00	0.00	0.00	0.27	28.65	82.71	2.10	23.20	3083	20175	1194	0	0	0	0	0	24452	125.52	27.75	18.85	101.37	30.77	94.06	38.86	1.21	25.60	23.80
8/17/2020 9:11:17 AM	5.30	20.92	3.56	0.00	0.00	0.00	0.00	0.28	29.79	82.74	2.14	23.19	2810	20922	1603	0	0	0	0	0	25335	125.56	30.27	19.89	105.25	32.31	97.73	41.58	1.21	25.61	23.85
8/17/2020 9:11:19 AM	5.25	21.16	4.62	0.00	0.00	0.00	0.00	0.24	31.03	82.61	2.17	23.20	2782	21162	2079	0	0	0	0	0	26023	125.37	32.79	21.00	107.08	33.78	100.01	45.81	1.21	25.63	23.88
8/17/2020 9:11:22 AM	3.42	21.33	8.09	0.41	0.00	0.00	0.00	0.30	33.26	82.67	2.20	23.18	1813	21329	3641	12	0	0	0	0	26796	125.45	41.29	24.88	109.28	38.59	105.88	57.62	1.22	25.65	23.82
8/17/2020 9:11:24 AM	1.63	20.57	10.15	2.04	0.00	0.00	0.00	0.36	34.38	82.50	2.23	23.16	862	20567	4566	61	0	0	0	0	26056	125.19	49.83	26.79	110.12	42.47	110.05	68.32	1.22	25.66	23.82
8/17/2020 9:11:27 AM	0.06	18.83	12.15	5.43	0.00	0.00	0.00	0.30	36.47	82.41	2.25	23.11	32	18834	5466	163	0	0	0	0	24495	125.06	62.84	29.34	110.42	47.72	117.66	85.97	1.22	25.68	23.85
8/17/2020 9:11:29 AM	1.44	15.89	12.22	14.09	0.00	0.00	0.00	0.44	43.63	81.28	2.25	23.06	763	15887	5499	423	0	0	0	0	22571	123.35	88.89	40.62	119.27	64.24	139.88	128.95	1.22	25.70	23.88
8/17/2020 9:11:31 AM	4.85	14.63	14.03	19.53	0.00	0.00	0.00	0.10	53.04	80.95	2.32	22.99	2573	14631	6314	586	0	0	0	0	24103	122.85	110.29	50.26	131.62	77.28	159.55	168.61	1.23	25.71	23.88
8/17/2020 9:11:34 AM	9.09	14.46	14.43	15.05	0.00	0.00	0.00	0.10	53.03	79.34	2.33	22.88	4820	14455	6493	452	0	0	0	0	26220	120.40	99.46	46.58	125.13	76.10	144.04	164.29	1.23	25.71	23.91
8/17/2020 9:11:36 AM	14.15	10.90	11.12	10.92	0.00	0.00	0.00	0.38	47.09	78.49	2.37	22.70	7500	10898	5004	328	0	0	0	0	23730	119.11	79.49	34.88	99.73	70.51	114.79	148.81	1.23	25.73	23.91
8/17/2020 9:11:38 AM	17.15	9.99	10.28	8.02	0.00	0.00	0.00	0.62	45.43	77.03	2.37	22.56	9089	9986	4626	241	0	0	0	0	23941	116.90	69.97	31.40	91.16	70.08	100.54	143.64	1.23	25.75	23.88
8/17/2020 9:11:41 AM	19.00	9.56	9.65	6.78	0.00	0.00	0.00	0.75	44.99	76.06	2.41	22.47	10072	9563	4342	203	0	0	0	0	24180	115.42	65.71	28.36	86.97	70.41	95.38	142.22	1.24	25.76	23.90
8/17/2020 9:11:43 AM	18.12	9.10	9.17	7.59	0.00	0.00	0.00	0.76	43.98	75.69	2.44	22.27	9602	9105	4127	228	0	0	0	0	23061	114.85	66.26	28.29	85.39	69.52	95.64	140.76	1.24	25.76	23.96
8/17/2020 9:11:46 AM	18.77	9.57	9.15	7.31	0.00	0.00	0.00	0.76	44.81	75.00	2.45	22.08	9950	9568	4120	219	0	0	0	0	23858	113.81	66.11	28.36	87.34	70.26	97.07	141.72	1.24	25.78	23.98
8/17/2020 9:11:48 AM	20.86	9.62	9.69	4.10	0.00	0.00	0.00	0.94	44.27	72.68	2.48	21.98	11053	9622	4362	123	0	0	0	0	25161	110.29	59.03	25.44	82.85	70.42	86.56	138.13	1.24	25.79	23.92
8/17/2020 9:11:50 AM	21.80	8.28	8.59	1.81	0.00	0.00	0.00	1.27	40.48	71.52	2.50	21.79	11557	8278	3863	54	0	0	0	0	23752	108.53	49.58	19.86	70.94	68.29	72.18	128.49	1.25	25.80	23.97
8/17/2020 9:11:53 AM	22.13	7.87	8.44	1.19	0.00	0.00	0.00	1.34	39.63	71.22	2.53	21.59	11729	7867	3798	36	0	0	0	0	23430	108.07	47.35	18.34	67.71	67.82	68.36	126.60	1.25	25.81	23.97
8/17/2020 9:11:55 AM	22.49	7.50	7.71	1.59	0.00	0.00	0.00	1.36	39.29	71.04	2.57	21.50	11921	7497	3469	48	0	0	0	0	22935	107.81	46.80	18.34	66.56	67.63	67.87	126.27	1.25	25.83	24.00
8/17/2020 9:11:57 AM	22.05	7.52	7.80	1.21	0.00	0.00	0.00	1.41	38.58	71.10	2.59	21.24	11686	7523	3510	36	0	0	0	0	22756	107.90	45.74	17.52	65.42	67.08	66.41	124.04	1.25	25.83	24.00
8/17/2020 9:12:00 AM	22.05	7.59	7.61	1.10	0.00	0.00	0.00	1.38	38.35	71.22	2.61	21.10	11688	7588	3425	33	0	0	0	0	22733	108.08	44.91	17.43	65.28	66.33	65.95	122.51	1.26	25.84	24.05
8/17/2020 9:12:02 AM	21.45	7.35	7.10	0.90	0.00	0.00	0.00	1.45	36.80	72.14	2.66	21.18	11366	7352	3196	27	0	0	0	0	21941	109.47	42.70	16.59	62.75	64.76	63.18	117.92	1.26	25.86	24.08
8/17/2020 9:12:05 AM	20.75	7.23	6.98	0.87	0.00	0.00	0.00	1.43	35.83	72.85	2.69	21.14	10996	7231	3140	26	0	0	0	0	21394	110.55	41.76	16.15	61.38	63.21	61.92	114.81	1.26	25.86	23.97
8/17/2020 9:12:07 AM	20.59	7.11	6.99	0.38	0.00	0.00	0.00	1.50	35.06	73.03	2.71	21.05	10912	7113	3143	11	0	0	0	0	21180	110.82	40.20	15.28	59.57	62.72	59.40	112.64	1.27	25.87	24.05
8/17/2020 9:12:09 AM	20.57	6.89	6.51	0.41	0.00	0.00	0.00	1.46	34.38	73.30	2.75	21.01	10905	6886	2931	12	0	0	0	0	20733	111.23	38.86	15.11	58.20	61.38	57.90	110.27	1.27	25.87	24.10
8/17/2020 9:12:12 AM	19.60	6.08	4.92	0.00	0.00	0.00	0.00	1.57	30.60	74.82	2.80	20.54	10385	6081	2216	0	0	0	0	0	18682	113.55	32.90	12.31	51.30	57.07	50.48	98.95	1.27	25.87	24.06
8/17/2020 9:12:14 AM	17.72	5.39	3.42	0.00	0.00	0.00	0.00	1.71	26.53	76.46	2.83	19.82	9391	5385	1540	0	0	0	0	0	16316	116.03	28.07	10.41	45.85	52.71	43.74	87.16	1.28	25.89	24.06
8/17/2020 9:12:16 AM	17.57	5.29	3.13	0.00	0.00	0.00	0.00	1.68	25.99	76.69	2.87	19.63	9312	5287	1409	0	0	0	0	0	16007	116.38	27.11	10.30	44.93	51.61	42.88	85.12	1.28	25.90	24.10
8/17/2020 9:12:19 AM	16.97	5.16	2.88	0.00	0.00	0.00	0.00	1.66	25.01	77.48	2.91	19.75	8993	5156	1297	0	0	0	0	0	15446	117.58	26.05	9.86	43.97	50.05	41.15	81.89	1.29	25.90	24.10
8/17/2020 9:12:21 AM	16.55	4.96	2.65	0.00	0.00	0.00	0.00	1.64	24.16	78.06	2.95	19.69	8773	4956	1191	0	0	0	0	0	14920	118.45	25.02	9.33	42.36	48.66	39.84	79.27	1.29	25.90	24.10
8/17/2020 9:12:24 AM	16.22	4.79	2.10	0.00	0.00	0.00	0.00	1.50	23.10	78.57	3.00	19.19	8596	4788	944	0	0	0	0	0	14328	119.23	23.02	8.82	40.86	45.69	37.99	74.60	1.29	25.91	24.11
8/17/2020 9:12:26 AM	14.65	4.55	1.71	0.00	0.00	0.00	0.00	1.31	20.91	79.48	3.03	18.92	7764	4555	767	0	0	0	0	0	13086	120.62	20.49	7.89	38.11	40.65	35.06	66.22	1.30	25.90	24.12
8/17/2020 9:12:28 AM	13.48	4.34	1.29	0.00	0.00	0.00	0.00	1.23	19.12	80.48	3.07	19.15	7144	4344	581	0	0	0	0	0	12070	122.13	18.40	7.20	35.50	37.24	32.94	59.89	1.30	25.91	24.16
8/17/2020 9:12:31 AM	12.67	4.48	1.18	0.00	0.00	0.00	0.00	1.20	18.34	80.97	3.10	19.25	6718	4482	532	0	0	0	0	0	11731	122.88	17.73	7.18	35.57	35.79	32.43	56.68	1.30	25.90	24.11
8/17/2020 9:12:33 AM	11.45	4.27	1.11	0.00	0.00	0.00	0.00	1.16	16.82	81.88	3.15	19.15	6066	4266	498	0	0	0	0	0	10830	124.26	16.49	6.75	33.03	33.27	30.84	51.97	1.31	25.91	24.12
8/17/2020 9:12:36 AM	11.32	4.40	0.93	0.00	0.00	0.00	0.00	1.13	16.66	82.39	3.18	18.67	5999	4403	420	0	0	0	0	0	10822	125.03	16.05	6.68	33.43	32.63	31.04	50.64	1.31	25.90	24.13
8/17/2020 9:12:38 AM	10.96	4.49	0.80	0.00	0.00	0.00	0.00	1.15	16.24	82.35	3.21	18.21	5807	4488	359	0	0	0	0	0	10654	124.97	15.63	6.68	33.43	32.10	30.90	49.02	1.31	25.90	24.11
8/17/2020 9:12:40 AM	10.69	4.49	0.84	0.00	0.00	0.00	0.00	1.14	16.02	82.66	3.23	18.18	5667	4488	377	0	0	0	0	0	10533	125.44	15.57	6.55	33.28	31.74	30.71	48.31	1.32	25.90	24.17
8/17/2020 9:12:43 AM	10.61	4.63	0.66	0.00	0.00	0.00	0.00	1.13	15.90	83.17	3.29	17.69	5625	4632	296	0	0	0	0	0	10553	126.21	15.15	6.69	33.41	31.33	31.30	47.24	1.32	25.89	24.17
8/17/2020 9:12:45 AM	10.37	4.64	0.72	0.00	0.00	0.00	0.00	1.14	15.74	83.53	3.32	17.22	5498	4644	324	0	0	0	0	0	10466	126.75	15.18	6.65	33.35	31.17	31.20	46.80	1.33	25.91	24.20
8/17/2020 9:12:47 AM	10.43	4.70	0.80	0.00	0.00	0.00	0.00	1.14	15.93	83.57	3.36	17.31	5527	4701	360	0	0	0	0	0	10588	126.83	15.45	6.82	33.74	31.44	31.55	47.36	1.33	25.88	24.21
8/17/2020 9:12:50 AM	10.51	4.77	0.68	0.00	0.00	0.00	0.00	1.12	15.96	83.91	3.38	16.73	5572	4765	308	0	0	0	0	0	10645	127.34	15.25	6.74	34.09	31.23	31.65	47.00	1.33	25.88	24.18
8/17/2020 9:12:52 AM	10.35	4.83	0.63	0.00	0.00	0.00	0.00	1.14	15.81	84.37	3.40	16.63	5487	4828	285	0	0	0	0	0	10599	128.04	15.12	6.71	34.04	31.15	31.91	46.43	1.33	25.87	24.21
8/17/2020 9:12:55 AM	9.69	4.98	0.43	0.00	0.00	0.00	0.00	1.14	15.10	85.25	3.43	16.62	5137	4976	195	0	0	0	0	0	10308	129.38	14.38	6.60	34.14	29.92	31.55	43.43	1.34	25.86	24.21
8/17/2020 9:12:57 AM	9.57	5.01	0.41	0.00	0.00	0.00	0.00	1.16	14.99	85.45	3.45	16.30	5073	5011	183	0	0	0	0	0	10267	129.68	14.31	6.69	33.95	29.97	31.82	43.13	1.34	25.85	24.22
8/17/2020 9:12:59 AM	9.35	5.10	0.28	0.00	0.00	0.00	0.00	1.11	14.72	86.03	3.49	16.41	4955	5095	126	0	0	0	0	0	10176	130.56	13.83	6.71	34.17	29.03	31.62	41.51	1.34	25.84	24.23
8/17/2020 9:13:02 AM	8.74	5.22	0.21	0.00	0.00	0.00	0.00	1.09	14.17	86.78	3.53	16.12	4632	5216	97	0	0	0	0	0	9944	131.70	13.36	6.51	34.13	27.86	31.55	39.09	1.35	25.83	24.25
8/17/2020 9:13:04 AM	7.97	5.18	0.11	0.00	0.00	0.00	0.00	1.11	13.26	88.10	3.57	15.64	4226	5180	49	0	0	0	0	0	9455	133.70	12.67	6.27	33.00	26.81	30.89	36.34	1.35	25.81	24.26
8/17/2020 9:13:06 AM	7.91	5.11	0.19	0.00	0.00	0.00	0.00	1.08	13.21	88.36	3.63	15.48	4190	5105	88	0	0	0	0	0	9383	134.09	12.70	6.21	32.65	26.53	30.64	36.27	1.36	25.81	24.23
8/17/2020 9:13:09 AM	7.99	5.12	0.13	0.00	0.00	0.00	0.00	1.10	13.24	88.63	3.66	15.54	4235	5121	57	0	0	0	0	0	9413	134.50	12.65	6.24	32.91	26.70	30.52	36.36	1.36	25.79	24.25
8/17/2020 9:13:11 AM	7.95	5.12	0.05	0.00	0.00	0.00	0.00	1.09	13.12	89.12	3.69	15.38	4212	5118	24	0	0	0	0	0	9354	135.25	12.43	6.21	32.87	26.41	30.28	35.82	1.36	25.77	24.25
8/17/2020 9:13:14 AM	7.63	5.02	0.05	0.00	0.00	0.00	0.00	1.08	12.70	89.38	3.73	15.33	4042	5023	21	0	0	0	0	0	9086	135.64	12.13	6.03	32.01	25.82	29.77	34.69	1.37	25.75	24.22
8/17/2020 9:13:16 AM	7.58	4.92	0.00	0.00	0.00	0.00	0.00	1.10	12.50	89.62	3.78	15.51	4019	4920	0	0	0	0	0	0	8938	136.01	11.93	6.07	31.47	25.80	29.24	34.46	1.37	25.75	24.25
8/17/2020 9:13:18 AM	7.59	4.93	0.00	0.00	0.00	0.00	0.00	1.08	12.52	90.23	3.80	15.48	4023	4931	0	0	0	0	0	0	8954	136.93	11.88	6.04	31.74	25.62	29.05	34.33	1.37	25.72	24.28
8/17/2020 9:13:21 AM	7.16	4.67	0.00	0.00	0.00	0.00	0.00	1.07	11.83	90.41	3.86	14.93	3794	4672	0	0	0	0	0	0	8466	137.20	11.38	5.78	30.13	24.65	27.66	32.73	1.38	25.71	24.26
8/17/2020 9:13:23 AM	5.81	3.82	0.00	0.00	0.00	0.00	0.00	1.02	9.62	91.21	3.91	14.43	3077	3816	0	0	0	0	0	0	6893	138.41	9.76	4.83	25.00	21.62	23.01	27.75	1.38	25.68	24.28
8/17/2020 9:13:26 AM	5.90	3.83	0.02	0.00	0.00	0.00	0.00	0.99	9.75	91.37	3.95	14.43	3128	3825	11	0	0	0	0	0	6964	138.66	9.80	4.83	25.02	21.49	23.25	27.92	1.39	25.67	24.25
8/17/2020 9:13:28 AM	5.73	3.77	0.00	0.00	0.00	0.00	0.00	1.02	9.51	91.70	3.99	14.46	3039	3774	0	0	0	0	0	0	6813	139.16	9.52	4.78	24.69	21.44	22.84	27.46	1.39	25.65	24.22
8/17/2020 9:13:30 AM	5.31	3.37	0.00	0.00	0.00	0.00	0.00	0.96	8.68	92.00	4.03	14.52	2814	3374	0	0	0	0	0	0	6188	139.63	8.91	4.29	22.25	19.91	21.02	25.49	1.39	25.62	24.26
8/17/2020 9:13:33 AM	5.46	3.46	0.00	0.00	0.00	0.00	0.00	0.93	8.92	91.78	4.06	14.61	2893	3461	0	0	0	0	0	0	6354	139.29	8.95	4.51	22.93	19.91	21.30	25.77	1.40	25.60	24.27
8/17/2020 9:13:35 AM	5.05	3.24	0.00	0.00	0.00	0.00	0.00	0.93	8.29	92.18	4.09	14.78	2676	3240	0	0	0	0	0	0	5916	139.89	8.49	4.13	21.55	19.13	20.08	24.36	1.40	25.57	24.26
8/17/2020 9:13:37 AM	4.63	2.99	0.00	0.00	0.00	0.00	0.00	0.88	7.61	92.46	4.14	14.75	2453	2986	0	0	0	0	0	0	5439	140.32	7.88	3.85	19.97	17.90	18.69	22.57	1.41	25.55	24.30
8/17/2020 9:13:40 AM	4.33	2.78	0.00	0.00	0.00	0.00	0.00	0.79	7.11	91.91	4.19	13.95	2296	2778	0	0	0	0	0	0	5074	139.49	7.30	3.62	18.85	16.38	17.40	20.81	1.41	25.53	24.28
8/17/2020 9:13:42 AM	3.35	2.49	0.00	0.00	0.00	0.00	0.00	0.65	5.84	91.14	4.23	13.31	1776	2485	0	0	0	0	0	0	4261	138.31	6.10	3.32	16.63	13.31	15.22	16.43	1.41	25.51	24.27
8/17/2020 9:13:45 AM	2.99	2.11	0.09	0.00	0.00	0.00	0.00	0.51	5.19	90.84	4.27	13.44	1582	2110	41	0	0	0	0	0	3734	137.86	5.53	2.80	14.55	11.19	13.46	14.39	1.42	25.48	24.26
8/17/2020 9:13:47 AM	2.73	2.03	0.29	0.00	0.00	0.00	0.00	0.44	5.05	90.74	4.31	13.64	1448	2030	132	0	0	0	0	0	3610	137.71	5.60	2.78	13.99	10.38	13.24	13.87	1.42	25.44	24.26
8/17/2020 9:13:49 AM	3.15	2.11	0.09	0.00	0.00	0.00	0.00	0.41	5.35	90.48	4.35	13.69	1669	2112	39	0	0	0	0	0	3820	137.31	5.35	2.80	14.69	10.36	13.48	14.06	1.43	25.42	24.28
8/17/2020 9:13:52 AM	2.75	1.86	0.16	0.00	0.00	0.00	0.00	0.37	4.77	89.93	4.39	13.53	1460	1856	72	0	0	0	0	0	3387	136.48	4.97	2.59	13.13	9.35	12.26	12.75	1.43	25.40	24.25
8/17/2020 9:13:54 AM	2.58	1.90	0.17	0.00	0.00	0.00	0.00	0.34	4.65	89.88	4.42	13.64	1365	1900	78	0	0	0	0	0	3343	136.40	4.85	2.59	13.19	8.83	12.27	11.99	1.43	25.37	24.22
8/17/2020 9:13:56 AM	2.45	1.66	0.21	0.00	0.00	0.00	0.00	0.27	4.32	89.60	4.46	13.51	1299	1657	93	0	0	0	0	0	3050	135.97	4.46	2.32	11.86	7.78	11.28	11.08	1.44	25.34	24.26
8/17/2020 9:13:59 AM	2.34	1.65	0.28	0.00	0.00	0.00	0.00	0.26	4.27	89.58	4.51	13.12	1238	1653	125	0	0	0	0	0	3016	135.95	4.53	2.48	11.91	7.67	11.12	10.96	1.44	25.30	24.23
8/17/2020 9:14:01 AM	2.50	1.63	0.25	0.00	0.00	0.00	0.00	0.24	4.38	89.79	4.54	13.19	1326	1628	111	0	0	0	0	0	3065	136.27	4.46	2.36	11.78	7.56	11.23	11.14	1.44	25.26	24.25
8/17/2020 9:14:04 AM	2.17	1.52	0.22	0.00	0.00	0.00	0.00	0.26	3.91	90.04	4.57	13.21	1151	1518	99	0	0	0	0	0	2768	136.64	4.18	2.21	11.05	7.19	10.42	10.11	1.45	25.24	24.22
8/17/2020 9:14:06 AM	1.84	1.31	0.20	0.00	0.00	0.00	0.00	0.27	3.34	90.27	4.60	13.05	973	1309	89	0	0	0	0	0	2371	137.00	3.77	1.93	9.57	6.65	9.49	8.97	1.45	25.20	24.22
8/17/2020 9:14:08 AM	2.01	1.34	0.14	0.00	0.00	0.00	0.00	0.26	3.49	90.54	4.64	13.19	1065	1344	61	0	0	0	0	0	2469	137.41	3.74	1.99	9.94	6.74	9.56	9.19	1.45	25.17	24.21
8/17/2020 9:14:11 AM	1.68	1.18	0.19	0.00	0.00	0.00	0.00	0.30	3.05	90.56	4.66	13.38	888	1184	87	0	0	0	0	0	2160	137.44	3.63	1.88	8.94	6.58	8.77	8.59	1.46	25.14	24.22
8/17/2020 9:14:13 AM	1.71	1.22	0.18	0.00	0.00	0.00	0.00	0.29	3.11	90.65	4.70	13.54	906	1224	79	0	0	0	0	0	2209	137.58	3.64	1.95	9.27	6.61	8.79	8.61	1.46	25.10	24.22
8/17/2020 9:14:16 AM	1.47	1.15	0.27	0.00	0.00	0.00	0.00	0.31	2.89	90.42	4.73	13.57	779	1147	123	0	0	0	0	0	2049	137.23	3.69	1.82	8.64	6.49	8.58	8.35	1.46	25.07	24.21
8/17/2020 9:14:18 AM	1.91	1.22	0.23	0.00	0.00	0.00	0.00	0.28	3.37	90.76	4.75	13.53	1013	1224	105	0	0	0	0	0	2343	137.73	3.85	2.10	9.44	6.86	9.05	9.42	1.47	25.04	24.16
8/17/2020 9:14:20 AM	2.33	1.21	0.15	0.00	0.00	0.00	0.00	0.26	3.69	90.69	4.79	13.48	1234	1210	69	0	0	0	0	0	2513	137.63	3.89	1.94	9.93	7.10	8.97	10.23	1.47	25.00	24.21
8/17/2020 9:14:23 AM	2.26	1.21	0.21	0.00	0.00	0.00	0.00	0.27	3.67	90.99	4.82	13.50	1196	1205	93	0	0	0	0	0	2494	138.09	3.95	2.08	9.73	7.16	9.11	10.29	1.47	24.97	24.20
8/17/2020 9:14:25 AM	1.87	1.13	0.22	0.00	0.00	0.00	0.00	0.29	3.22	91.18	4.86	13.58	992	1129	98	0	0	0	0	0	2219	138.37	3.74	2.04	8.97	6.83	8.60	9.28	1.48	24.93	24.21
8/17/2020 9:14:27 AM	1.82	1.07	0.20	0.00	0.00	0.00	0.00	0.30	3.10	91.11	4.89	13.47	966	1072	90	0	0	0	0	0	2128	138.28	3.66	1.79	8.72	6.75	8.27	9.08	1.48	24.89	24.17
8/17/2020 9:14:30 AM	1.69	0.96	0.21	0.00	0.00	0.00	0.00	0.31	2.86	91.30	4.92	13.32	897	957	96	0	0	0	0	0	1950	138.55	3.52	1.66	7.84	6.57	7.98	8.74	1.48	24.86	24.18
8/17/2020 9:14:32 AM	1.75	0.95	0.15	0.00	0.00	0.00	0.00	0.31	2.84	91.22	4.95	13.31	925	950	67	0	0	0	0	0	1942	138.44	3.41	1.67	7.87	6.60	7.85	8.67	1.49	24.82	24.13
8/17/2020 9:14:35 AM	1.64	0.97	0.16	0.00	0.00	0.00	0.00	0.33	2.77	91.04	4.99	12.94	868	973	73	0	0	0	0	0	1914	138.16	3.44	1.65	8.00	6.62	7.78	8.50	1.49	24.78	24.11
8/17/2020 9:14:37 AM	1.80	1.05	0.22	0.00	0.00	0.00	0.00	0.29	3.06	91.25	5.03	12.82	953	1047	98	0	0	0	0	0	2099	138.49	3.62	1.92	8.41	6.64	8.34	9.01	1.49	24.75	24.11
8/17/2020 9:14:39 AM	2.07	1.06	0.18	0.00	0.00	0.00	0.00	0.28	3.31	91.29	5.06	12.94	1097	1059	83	0	0	0	0	0	2239	138.54	3.69	1.80	8.58	6.88	8.68	9.66	1.50	24.70	24.07
8/17/2020 9:14:42 AM	1.84	0.93	0.33	0.00	0.00	0.00	0.00	0.30	3.10	91.44	5.09	12.94	974	927	149	0	0	0	0	0	2050	138.77	3.80	1.79	7.58	6.87	8.47	9.66	1.50	24.66	24.11
8/17/2020 9:14:44 AM	1.75	1.00	0.20	0.00	0.00	0.00	0.00	0.31	2.95	91.35	5.12	13.02	925	1000	91	0	0	0	0	0	2016	138.63	3.56	1.86	8.32	6.66	7.91	8.87	1.50	24.64	24.10
8/17/2020 9:14:46 AM	2.03	1.04	0.20	0.00	0.00	0.00	0.00	0.28	3.27	91.50	5.16	13.08	1073	1042	89	0	0	0	0	0	2204	138.86	3.68	1.90	8.66	6.82	8.37	9.56	1.51	24.59	24.07
8/17/2020 9:14:49 AM	2.12	1.04	0.27	0.00	0.00	0.00	0.00	0.28	3.43	91.31	5.19	13.10	1124	1041	121	0	0	0	0	0	2286	138.57	3.91	1.85	8.68	7.10	8.68	10.20	1.51	24.56	24.06
8/17/2020 9:14:51 AM	2.29	1.08	0.25	0.00	0.00	0.00	0.00	0.28	3.62	91.47	5.23	13.18	1213	1081	114	0	0	0	0	0	2408	138.81	4.00	2.02	9.17	7.29	8.75	10.64	1.51	24.51	24.07
8/17/2020 9:14:54 AM	2.15	1.01	0.27	0.00	0.00	0.00	0.00	0.28	3.43	91.69	5.26	13.21	1138	1015	121	0	0	0	0	0	2273	139.15	3.89	1.83	8.51	7.06	8.66	10.24	1.52	24.48	24.06
8/17/2020 9:14:56 AM	2.30	1.06	0.20	0.00	0.00	0.00	0.00	0.28	3.56	91.48	5.28	13.25	1217	1063	91	0	0	0	0	0	2371	138.82	3.89	1.86	9.06	7.24	8.63	10.46	1.52	24.45	24.02
8/17/2020 9:14:58 AM	2.40	1.20	0.12	0.00	0.00	0.00	0.00	0.28	3.73	91.54	5.31	13.29	1273	1202	55	0	0	0	0	0	2530	138.92	3.91	1.93	10.12	7.32	8.77	10.46	1.52	24.40	23.98
8/17/2020 9:15:01 AM	2.17	0.96	0.28	0.00	0.00	0.00	0.00	0.30	3.42	91.46	5.34	13.32	1151	965	128	0	0	0	0	0	2244	138.80	3.94	1.86	8.24	7.31	8.59	10.54	1.52	24.36	24.01
8/17/2020 9:15:03 AM	2.43	1.03	0.40	0.00	0.00	0.00	0.00	0.25	3.87	91.59	5.35	13.15	1288	1033	181	0	0	0	0	0	2502	139.00	4.33	1.86	8.82	7.47	9.26	11.56	1.52	24.32	23.98
8/17/2020 9:15:05 AM	2.27	1.07	0.38	0.00	0.00	0.00	0.00	0.27	3.71	91.30	5.36	13.09	1201	1066	169	0	0	0	0	0	2436	138.56	4.23	2.06	8.86	7.41	9.16	11.07	1.53	24.28	23.95
8/17/2020 9:15:08 AM	2.07	1.02	0.28	0.00	0.00	0.00	0.00	0.30	3.38	91.57	5.42	12.70	1099	1019	128	0	0	0	0	0	2245	138.97	3.95	1.88	8.62	7.21	8.50	10.24	1.53	24.25	23.95
8/17/2020 9:15:10 AM	2.25	0.98	0.22	0.00	0.00	0.00	0.00	0.27	3.45	91.60	5.44	12.21	1193	982	97	0	0	0	0	0	2273	139.02	3.79	1.84	8.53	7.05	8.40	10.29	1.53	24.21	23.95
8/17/2020 9:15:13 AM	2.31	1.03	0.29	0.00	0.00	0.00	0.00	0.27	3.62	91.46	5.53	12.32	1225	1027	128	0	0	0	0	0	2380	138.80	4.02	1.88	8.81	7.24	8.77	10.76	1.54	24.17	23.91
8/17/2020 9:15:15 AM	2.36	1.07	0.26	0.00	0.00	0.00	0.00	0.27	3.68	91.65	5.57	12.09	1249	1066	116	0	0	0	0	0	2431	139.09	4.03	1.85	9.01	7.32	8.94	10.83	1.55	24.13	23.92
8/17/2020 9:15:17 AM	2.09	1.03	0.28	0.00	0.00	0.00	0.00	0.29	3.40	91.57	5.61	11.93	1108	1029	126	0	0	0	0	0	2262	138.96	3.90	1.92	8.38	7.13	8.86	10.20	1.55	24.07	23.92
8/17/2020 9:15:20 AM	1.89	1.04	0.37	0.00	0.00	0.00	0.00	0.30	3.29	91.75	5.63	12.09	1002	1036	165	0	0	0	0	0	2203	139.24	4.04	1.86	8.41	7.13	8.75	10.05	1.55	24.03	23.90
8/17/2020 9:15:22 AM	1.89	1.06	0.28	0.00	0.00	0.00	0.00	0.31	3.23	91.70	5.66	12.11	1001	1060	126	0	0	0	0	0	2188	139.16	3.93	1.72	8.84	7.11	8.36	9.75	1.55	23.99	23.86
8/17/2020 9:15:25 AM	2.22	1.04	0.24	0.00	0.00	0.00	0.00	0.28	3.50	91.53	5.68	12.09	1178	1044	106	0	0	0	0	0	2328	138.91	3.91	1.78	8.88	7.15	8.61	10.35	1.56	23.95	23.85
8/17/2020 9:15:27 AM	2.42	0.98	0.33	0.00	0.00	0.00	0.00	0.28	3.73	91.84	5.71	12.23	1280	984	150	0	0	0	0	0	2415	139.37	4.16	1.84	8.48	7.50	9.02	11.36	1.56	23.91	23.83
8/17/2020 9:15:29 AM	2.53	1.04	0.34	0.00	0.00	0.00	0.00	0.28	3.91	91.67	5.73	12.25	1338	1042	152	0	0	0	0	0	2533	139.13	4.30	1.89	9.05	7.71	9.14	11.74	1.56	23.87	23.85
8/17/2020 9:15:32 AM	2.42	1.06	0.24	0.00	0.00	0.00	0.00	0.27	3.72	91.82	5.76	12.34	1284	1059	109	0	0	0	0	0	2451	139.35	4.02	1.90	8.93	7.41	9.03	10.99	1.56	23.83	23.85
8/17/2020 9:15:34 AM	2.22	1.01	0.29	0.00	0.00	0.00	0.00	0.31	3.52	91.40	5.79	12.62	1178	1009	129	0	0	0	0	0	2316	138.71	4.04	1.92	8.51	7.51	8.81	10.80	1.57	23.79	23.77
8/17/2020 9:15:36 AM	2.19	0.98	0.32	0.00	0.00	0.00	0.00	0.30	3.49	91.69	5.82	12.75	1160	979	144	0	0	0	0	0	2282	139.14	4.05	1.87	8.49	7.36	8.56	10.72	1.57	23.75	23.77
8/17/2020 9:15:39 AM	2.25	0.99	0.30	0.00	0.00	0.00	0.00	0.28	3.54	91.83	5.84	12.86	1194	989	136	0	0	0	0	0	2318	139.36	4.01	1.76	8.25	7.31	8.98	10.77	1.57	23.70	23.77
8/17/2020 9:15:41 AM	2.91	1.63	0.19	0.00	0.00	0.00	0.00	0.21	4.73	91.76	5.87	12.93	1543	1630	86	0	0	0	0	0	3259	139.26	4.60	2.59	13.21	7.84	10.27	12.01	1.58	23.67	23.75
8/17/2020 9:15:44 AM	2.40	1.16	0.42	0.00	0.00	0.00	0.00	0.27	3.98	91.59	5.90	12.87	1273	1162	187	0	0	0	0	0	2622	139.00	4.47	2.33	9.52	7.72	9.62	11.70	1.58	23.63	23.72
8/17/2020 9:15:46 AM	2.07	1.00	0.31	0.00	0.00	0.00	0.00	0.29	3.38	91.67	5.92	12.75	1095	1003	138	0	0	0	0	0	2236	139.11	3.93	1.85	8.28	7.11	8.75	10.23	1.58	23.59	23.70
8/17/2020 9:15:48 AM	1.93	0.98	0.36	0.00	0.00	0.00	0.00	0.33	3.27	91.77	5.94	12.66	1023	978	162	0	0	0	0	0	2163	139.28	4.05	1.82	7.97	7.37	8.78	10.32	1.58	23.55	23.71
8/17/2020 9:15:51 AM	1.81	0.96	0.35	0.00	0.00	0.00	0.00	0.31	3.13	91.81	5.96	12.68	960	963	159	0	0	0	0	0	2082	139.33	3.91	1.80	7.98	6.99	8.38	9.75	1.58	23.51	23.71
8/17/2020 9:15:53 AM	1.89	0.93	0.32	0.00	0.00	0.00	0.00	0.31	3.13	91.69	5.99	12.78	1000	931	142	0	0	0	0	0	2074	139.14	3.84	1.72	7.68	7.04	8.48	9.85	1.59	23.47	23.65
8/17/2020 9:15:55 AM	2.23	1.00	0.27	0.00	0.00	0.00	0.00	0.29	3.49	91.69	6.00	12.87	1180	998	121	0	0	0	0	0	2299	139.15	3.96	1.76	8.48	7.29	8.70	10.59	1.59	23.43	23.66
8/17/2020 9:15:58 AM	2.35	1.02	0.31	0.00	0.00	0.00	0.00	0.29	3.69	91.76	6.04	12.80	1248	1021	140	0	0	0	0	0	2409	139.25	4.14	1.84	8.63	7.55	9.06	11.19	1.59	23.40	23.62
8/17/2020 9:16:00 AM	2.40	1.19	0.38	0.00	0.00	0.00	0.00	0.29	3.97	91.59	6.07	12.64	1272	1189	172	0	0	0	0	0	2634	138.99	4.49	2.34	9.82	7.93	9.50	11.75	1.59	23.35	23.58
8/17/2020 9:16:03 AM	2.15	0.97	0.43	0.00	0.00	0.00	0.00	0.31	3.55	88.11	6.09	12.63	1141	966	194	0	0	0	0	0	2301	133.71	4.28	2.04	8.12	7.66	9.01	11.23	1.60	23.31	23.58
8/17/2020 9:16:05 AM	2.33	1.06	0.39	0.00	0.00	0.00	0.00	0.31	3.78	91.51	6.11	12.74	1236	1062	176	0	0	0	0	0	2474	138.88	4.40	1.94	8.83	7.90	9.37	11.64	1.60	23.28	23.55
8/17/2020 9:16:07 AM	2.51	1.12	0.37	0.00	0.00	0.00	0.00	0.29	4.00	91.68	6.15	12.83	1332	1119	166	0	0	0	0	0	2618	139.14	4.47	2.08	9.51	7.95	9.40	11.98	1.60	23.24	23.58
8/17/2020 9:16:10 AM	2.58	1.18	0.35	0.00	0.00	0.00	0.00	0.27	4.10	91.47	6.16	12.84	1367	1175	157	0	0	0	0	0	2698	138.81	4.46	2.14	9.87	7.87	9.56	11.97	1.60	23.20	23.60
8/17/2020 9:16:12 AM	2.65	1.16	0.20	0.00	0.00	0.00	0.00	0.28	4.02	91.41	6.19	12.83	1406	1159	92	0	0	0	0	0	2657	138.72	4.18	2.07	9.72	7.83	9.40	11.66	1.61	23.16	23.56
8/17/2020 9:16:15 AM	2.39	1.03	0.28	0.00	0.00	0.00	0.00	0.31	3.70	91.51	6.22	12.82	1266	1027	127	0	0	0	0	0	2420	138.87	4.12	1.97	8.54	7.71	9.20	11.30	1.61	23.12	23.53
8/17/2020 9:16:17 AM	2.26	1.05	0.26	0.00	0.00	0.00	0.00	0.33	3.57	91.53	6.24	12.80	1200	1045	116	0	0	0	0	0	2362	138.90	4.05	2.00	8.54	7.72	9.12	10.96	1.61	23.09	23.52
8/17/2020 9:16:19 AM	2.40	1.15	0.27	0.00	0.00	0.00	0.00	0.31	3.81	91.53	6.26	12.77	1270	1150	121	0	0	0	0	0	2541	138.91	4.23	2.00	9.50	7.80	9.29	11.30	1.61	23.05	23.43
8/17/2020 9:16:22 AM	2.62	1.15	0.23	0.00	0.00	0.00	0.00	0.28	4.00	91.43	6.28	12.77	1388	1147	105	0	0	0	0	0	2641	138.75	4.22	1.88	9.54	7.82	9.53	11.68	1.62	23.01	23.45
8/17/2020 9:16:24 AM	2.49	1.08	0.28	0.00	0.00	0.00	0.00	0.30	3.85	91.43	6.31	12.65	1322	1077	127	0	0	0	0	0	2526	138.75	4.23	1.75	8.96	7.82	9.43	11.58	1.62	22.98	23.47
8/17/2020 9:16:26 AM	2.29	1.05	0.28	0.00	0.00	0.00	0.00	0.31	3.62	91.51	6.34	12.44	1213	1046	126	0	0	0	0	0	2386	138.88	4.11	1.78	8.63	7.66	9.15	11.03	1.62	22.93	23.42
8/17/2020 9:16:29 AM	2.38	1.08	0.22	0.00	0.00	0.00	0.00	0.31	3.68	91.53	6.36	12.37	1262	1078	99	0	0	0	0	0	2439	138.91	4.05	1.88	9.04	7.65	9.01	11.02	1.62	22.89	23.41
8/17/2020 9:16:31 AM	2.27	1.07	0.17	0.00	0.00	0.00	0.00	0.32	3.51	91.60	6.38	12.43	1202	1068	76	0	0	0	0	0	2347	139.02	3.88	1.88	8.87	7.51	8.80	10.52	1.63	22.85	23.37
8/17/2020 9:16:34 AM	2.23	1.02	0.14	0.00	0.00	0.00	0.00	0.31	3.38	91.73	6.40	12.49	1180	1019	62	0	0	0	0	0	2262	139.21	3.72	1.80	8.44	7.32	8.67	10.20	1.63	22.81	23.39
8/17/2020 9:16:36 AM	2.20	1.03	0.20	0.00	0.00	0.00	0.00	0.33	3.43	91.68	6.44	12.52	1168	1030	88	0	0	0	0	0	2286	139.14	3.90	1.70	8.56	7.54	8.77	10.50	1.63	22.78	23.37
8/17/2020 9:16:38 AM	2.57	1.29	0.18	0.00	0.00	0.00	0.00	0.28	4.04	91.58	6.47	12.37	1363	1286	81	0	0	0	0	0	2729	138.98	4.19	2.11	10.38	7.76	9.66	11.32	1.63	22.76	23.32
8/17/2020 9:16:41 AM	2.46	1.15	0.31	0.00	0.00	0.00	0.00	0.30	3.92	91.60	6.50	12.22	1304	1150	140	0	0	0	0	0	2595	139.01	4.34	2.11	9.44	7.94	9.54	11.67	1.64	22.71	23.32
8/17/2020 9:16:43 AM	2.36	0.95	0.30	0.00	0.00	0.00	0.00	0.31	3.61	91.51	6.52	12.32	1250	955	135	0	0	0	0	0	2340	138.88	4.10	1.76	8.15	7.69	8.98	11.29	1.64	22.68	23.32
8/17/2020 9:16:45 AM	2.49	1.07	0.29	0.00	0.00	0.00	0.00	0.31	3.85	91.95	6.54	12.43	1319	1072	130	0	0	0	0	0	2520	139.55	4.26	1.94	8.90	7.97	9.44	11.71	1.64	22.65	23.31
8/17/2020 9:16:48 AM	2.63	1.09	0.30	0.00	0.00	0.00	0.00	0.30	4.01	91.42	6.56	12.49	1393	1088	134	0	0	0	0	0	2615	138.75	4.36	1.81	9.04	8.08	9.71	12.12	1.64	22.60	23.25
8/17/2020 9:16:50 AM	3.18	1.38	0.27	0.00	0.00	0.00	0.00	0.24	4.83	91.30	6.58	12.54	1683	1384	121	0	0	0	0	0	3188	138.55	4.75	2.31	11.67	8.39	10.37	13.32	1.64	22.57	23.24
8/17/2020 9:16:53 AM	2.66	1.04	0.33	0.00	0.00	0.00	0.00	0.31	4.03	91.66	6.61	12.45	1407	1044	150	0	0	0	0	0	2601	139.10	4.43	1.97	8.87	8.26	9.60	12.44	1.65	22.53	23.26
8/17/2020 9:16:55 AM	2.20	0.97	0.17	0.00	0.00	0.00	0.00	0.35	3.34	91.90	6.63	12.31	1166	968	78	0	0	0	0	0	2212	139.47	3.82	1.67	8.01	7.64	8.75	10.53	1.65	22.49	23.22
8/17/2020 9:16:57 AM	1.96	0.97	0.19	0.00	0.00	0.00	0.00	0.35	3.13	91.81	6.65	12.28	1041	974	85	0	0	0	0	0	2100	139.33	3.73	1.72	7.93	7.37	8.51	9.86	1.65	22.46	23.22
8/17/2020 9:17:00 AM	2.25	1.03	0.22	0.00	0.00	0.00	0.00	0.33	3.50	91.71	6.68	12.05	1193	1028	99	0	0	0	0	0	2319	139.18	3.98	1.79	8.48	7.70	8.96	10.80	1.65	22.43	23.16
8/17/2020 9:17:02 AM	2.33	1.03	0.23	0.00	0.00	0.00	0.00	0.32	3.59	91.70	6.70	11.92	1236	1026	103	0	0	0	0	0	2365	139.17	4.01	1.79	8.57	7.66	8.99	10.97	1.66	22.39	23.16
8/17/2020 9:17:05 AM	2.52	1.26	0.29	0.00	0.00	0.00	0.00	0.29	4.07	91.25	6.72	11.98	1334	1262	130	0	0	0	0	0	2727	138.48	4.43	2.13	10.34	7.96	9.64	11.70	1.66	22.36	23.15
8/17/2020 9:17:07 AM	2.49	1.07	0.27	0.00	0.00	0.00	0.00	0.32	3.84	91.84	6.74	12.02	1322	1071	122	0	0	0	0	0	2515	139.38	4.23	1.88	8.82	7.98	9.49	11.68	1.66	22.33	23.12
8/17/2020 9:17:09 AM	2.41	0.97	0.25	0.00	0.00	0.00	0.00	0.32	3.62	91.69	6.77	12.02	1275	965	111	0	0	0	0	0	2351	139.16	4.03	1.83	8.21	7.77	8.98	11.28	1.66	22.29	23.11
8/17/2020 9:17:12 AM	2.34	1.05	0.30	0.00	0.00	0.00	0.00	0.34	3.69	91.67	6.80	12.02	1240	1045	137	0	0	0	0	0	2422	139.12	4.27	1.82	8.62	8.10	9.32	11.56	1.67	22.26	23.06
8/17/2020 9:17:14 AM	1.97	0.95	0.31	0.00	0.00	0.00	0.00	0.34	3.23	91.58	6.83	12.03	1043	955	139	0	0	0	0	0	2137	138.98	3.97	1.74	7.76	7.49	8.77	10.34	1.67	22.22	23.10
8/17/2020 9:17:16 AM	1.96	1.00	0.24	0.00	0.00	0.00	0.00	0.37	3.20	91.73	6.84	12.08	1040	1003	107	0	0	0	0	0	2150	139.21	3.91	1.83	8.04	7.66	8.77	10.24	1.67	22.18	23.06
8/17/2020 9:17:19 AM	2.04	1.08	0.21	0.00	0.00	0.00	0.00	0.36	3.33	91.77	6.88	12.04	1081	1081	93	0	0	0	0	0	2255	139.27	3.94	1.86	8.73	7.68	8.80	10.28	1.67	22.15	23.06
8/17/2020 9:17:21 AM	2.52	1.16	0.29	0.00	0.00	0.00	0.00	0.31	3.97	91.57	6.91	12.08	1336	1159	130	0	0	0	0	0	2625	138.97	4.35	2.04	9.51	8.04	9.62	11.81	1.68	22.12	23.02
8/17/2020 9:17:24 AM	2.20	1.04	0.29	0.00	0.00	0.00	0.00	0.34	3.53	91.61	6.93	12.16	1163	1044	132	0	0	0	0	0	2339	139.03	4.13	1.89	8.40	7.81	9.24	11.00	1.68	22.09	23.02
8/17/2020 9:17:26 AM	2.15	1.07	0.23	0.00	0.00	0.00	0.00	0.36	3.45	91.91	6.96	12.17	1139	1069	102	0	0	0	0	0	2310	139.47	4.03	1.86	8.61	7.83	9.05	10.71	1.68	22.06	23.01
8/17/2020 9:17:28 AM	2.52	1.23	0.28	0.00	0.00	0.00	0.00	0.31	4.03	91.46	6.99	12.19	1338	1229	125	0	0	0	0	0	2692	138.80	4.42	2.03	9.92	8.14	9.81	11.84	1.68	22.02	23.01
8/17/2020 9:17:31 AM	2.02	1.04	0.32	0.00	0.00	0.00	0.00	0.34	3.39	91.49	7.00	12.19	1072	1041	146	0	0	0	0	0	2259	138.84	4.09	1.82	8.26	7.58	9.14	10.55	1.69	21.98	22.95
8/17/2020 9:17:33 AM	1.89	1.02	0.24	0.00	0.00	0.00	0.00	0.36	3.16	91.81	7.01	12.22	1001	1025	109	0	0	0	0	0	2135	139.33	3.88	1.82	8.23	7.50	8.63	9.96	1.69	21.96	22.95
8/17/2020 9:17:35 AM	2.35	1.13	0.25	0.00	0.00	0.00	0.00	0.34	3.72	91.69	7.05	12.14	1244	1126	112	0	0	0	0	0	2482	139.15	4.22	1.90	9.07	8.06	9.46	11.36	1.69	21.94	22.92
8/17/2020 9:17:38 AM	2.31	1.07	0.23	0.00	0.00	0.00	0.00	0.35	3.62	91.81	7.09	11.94	1227	1074	105	0	0	0	0	0	2406	139.33	4.14	1.95	8.80	8.06	9.18	11.25	1.69	21.90	22.92
8/17/2020 9:17:40 AM	2.28	1.02	0.22	0.00	0.00	0.00	0.00	0.34	3.51	91.75	7.13	11.81	1206	1015	99	0	0	0	0	0	2320	139.24	4.01	1.79	8.41	7.82	8.98	10.96	1.70	21.86	22.89
8/17/2020 9:17:43 AM	2.41	1.12	0.28	0.00	0.00	0.00	0.00	0.35	3.81	91.88	7.15	11.78	1276	1118	128	0	0	0	0	0	2522	139.44	4.35	1.98	9.15	8.28	9.48	11.76	1.70	21.83	22.89
8/17/2020 9:17:45 AM	2.46	1.14	0.28	0.00	0.00	0.00	0.00	0.35	3.87	91.67	7.17	11.78	1304	1136	125	0	0	0	0	0	2565	139.12	4.37	2.08	9.26	8.36	9.59	11.91	1.70	21.80	22.86
8/17/2020 9:17:47 AM	2.14	1.02	0.18	0.00	0.00	0.00	0.00	0.37	3.34	91.75	7.20	11.76	1134	1019	82	0	0	0	0	0	2235	139.25	3.90	1.79	8.36	7.81	8.76	10.54	1.71	21.77	22.84
8/17/2020 9:17:50 AM	2.20	1.09	0.24	0.00	0.00	0.00	0.00	0.35	3.54	92.03	7.22	11.74	1168	1087	110	0	0	0	0	0	2365	139.67	4.11	1.95	8.88	7.91	9.05	10.93	1.71	21.74	22.84
8/17/2020 9:17:52 AM	2.22	1.05	0.27	0.00	0.00	0.00	0.00	0.37	3.54	91.93	7.24	11.73	1175	1055	121	0	0	0	0	0	2351	139.51	4.17	1.95	8.62	8.09	9.12	11.18	1.71	21.71	22.81
8/17/2020 9:17:55 AM	2.00	0.96	0.19	0.00	0.00	0.00	0.00	0.39	3.15	91.93	7.26	11.71	1058	964	86	0	0	0	0	0	2108	139.51	3.84	1.69	7.83	7.80	8.64	10.28	1.71	21.68	22.82
8/17/2020 9:17:57 AM	2.11	1.11	0.23	0.00	0.00	0.00	0.00	0.39	3.45	91.65	7.27	11.77	1119	1107	103	0	0	0	0	0	2329	139.10	4.14	1.95	8.87	8.19	9.08	10.90	1.71	21.64	22.77
8/17/2020 9:17:59 AM	2.26	1.02	0.23	0.00	0.00	0.00	0.00	0.36	3.51	91.60	7.29	11.83	1200	1021	104	0	0	0	0	0	2324	139.01	4.09	1.77	8.44	8.05	9.02	11.14	1.71	21.61	22.74
8/17/2020 9:18:02 AM	2.28	1.02	0.31	0.00	0.00	0.00	0.00	0.37	3.61	91.94	7.32	11.90	1210	1020	138	0	0	0	0	0	2368	139.53	4.27	1.87	8.45	8.22	9.20	11.55	1.72	21.58	22.74
8/17/2020 9:18:04 AM	2.42	1.13	0.32	0.00	0.00	0.00	0.00	0.36	3.87	91.69	7.34	11.94	1282	1135	142	0	0	0	0	0	2559	139.15	4.46	2.06	9.09	8.50	9.78	12.05	1.72	21.55	22.72
8/17/2020 9:18:06 AM	2.32	1.18	0.23	0.00	0.00	0.00	0.00	0.34	3.72	91.24	7.37	11.97	1229	1176	102	0	0	0	0	0	2506	138.46	4.18	2.04	9.30	8.02	9.54	11.17	1.72	21.52	22.66
8/17/2020 9:18:09 AM	2.25	1.15	0.21	0.00	0.00	0.00	0.00	0.38	3.61	90.86	7.39	12.01	1194	1151	92	0	0	0	0	0	2438	137.89	4.18	2.02	9.16	8.27	9.35	11.18	1.72	21.50	22.66
8/17/2020 9:18:11 AM	2.58	1.12	0.31	0.00	0.00	0.00	0.00	0.34	4.01	91.68	7.42	12.03	1366	1115	141	0	0	0	0	0	2622	139.14	4.48	2.06	9.15	8.50	9.80	12.38	1.73	21.46	22.65
8/17/2020 9:18:14 AM	2.38	1.08	0.32	0.00	0.00	0.00	0.00	0.36	3.79	91.98	7.44	12.04	1263	1084	146	0	0	0	0	0	2493	139.58	4.41	1.87	8.82	8.34	9.59	11.89	1.73	21.43	22.65
8/17/2020 9:18:16 AM	2.36	1.10	0.24	0.00	0.00	0.00	0.00	0.37	3.70	92.08	7.45	12.05	1251	1100	107	0	0	0	0	0	2457	139.74	4.23	1.91	8.92	8.27	9.40	11.51	1.73	21.40	22.62
8/17/2020 9:18:18 AM	2.05	1.08	0.29	0.00	0.00	0.00	0.00	0.39	3.42	91.83	7.48	11.97	1086	1083	128	0	0	0	0	0	2298	139.37	4.20	1.84	8.52	8.13	9.27	10.91	1.73	21.37	22.61
8/17/2020 9:18:21 AM	2.27	1.13	0.23	0.00	0.00	0.00	0.00	0.37	3.62	91.69	7.51	11.93	1202	1125	102	0	0	0	0	0	2429	139.15	4.20	1.87	9.00	8.22	9.37	11.24	1.74	21.35	22.59
8/17/2020 9:18:23 AM	1.87	1.09	0.24	0.00	0.00	0.00	0.00	0.39	3.20	91.91	7.53	11.87	992	1090	108	0	0	0	0	0	2190	139.48	4.02	1.80	8.44	7.87	9.02	10.20	1.74	21.32	22.60
8/17/2020 9:18:25 AM	2.12	1.05	0.27	0.00	0.00	0.00	0.00	0.37	3.45	91.90	7.56	11.80	1125	1053	123	0	0	0	0	0	2301	139.46	4.16	1.80	8.42	8.05	9.19	10.98	1.74	21.31	22.57
8/17/2020 9:18:28 AM	2.22	1.13	0.20	0.00	0.00	0.00	0.00	0.36	3.55	91.98	7.59	11.77	1176	1133	90	0	0	0	0	0	2398	139.59	4.09	1.74	8.95	7.99	9.36	10.87	1.74	21.27	22.54
8/17/2020 9:18:30 AM	2.11	1.08	0.21	0.00	0.00	0.00	0.00	0.39	3.40	91.98	7.61	11.70	1117	1083	94	0	0	0	0	0	2293	139.59	4.05	1.86	8.61	8.08	9.10	10.75	1.75	21.24	22.52
8/17/2020 9:18:33 AM	2.23	1.10	0.23	0.00	0.00	0.00	0.00	0.37	3.57	91.92	7.63	11.69	1184	1097	106	0	0	0	0	0	2386	139.49	4.17	1.80	8.81	8.15	9.29	11.15	1.75	21.22	22.52
8/17/2020 9:18:35 AM	2.41	1.13	0.28	0.00	0.00	0.00	0.00	0.35	3.82	91.97	7.68	11.70	1278	1129	125	0	0	0	0	0	2532	139.58	4.36	1.91	9.22	8.32	9.51	11.78	1.75	21.19	22.49
8/17/2020 9:18:37 AM	2.61	1.17	0.15	0.00	0.00	0.00	0.00	0.36	3.93	92.03	7.71	11.69	1384	1171	66	0	0	0	0	0	2620	139.67	4.24	1.89	9.49	8.52	9.69	11.94	1.76	21.16	22.48
8/17/2020 9:18:40 AM	2.38	1.08	0.25	0.00	0.00	0.00	0.00	0.38	3.71	91.80	7.74	11.72	1261	1085	111	0	0	0	0	0	2456	139.31	4.30	1.83	8.85	8.48	9.42	11.75	1.76	21.14	22.40
8/17/2020 9:18:42 AM	2.44	1.14	0.21	0.00	0.00	0.00	0.00	0.37	3.79	91.95	7.77	11.76	1292	1138	95	0	0	0	0	0	2524	139.55	4.27	1.96	9.25	8.45	9.48	11.72	1.76	21.12	22.43
8/17/2020 9:18:45 AM	2.50	1.10	0.23	0.00	0.00	0.00	0.00	0.36	3.83	91.98	7.80	11.73	1325	1100	103	0	0	0	0	0	2529	139.59	4.29	1.87	9.09	8.39	9.45	11.88	1.76	21.08	22.41
8/17/2020 9:18:47 AM	2.33	1.09	0.23	0.00	0.00	0.00	0.00	0.38	3.65	92.02	7.83	11.69	1236	1088	102	0	0	0	0	0	2426	139.65	4.22	1.89	8.82	8.37	9.35	11.50	1.77	21.06	22.40
8/17/2020 9:18:49 AM	2.58	1.17	0.23	0.00	0.00	0.00	0.00	0.36	3.98	91.88	7.88	11.67	1368	1171	104	0	0	0	0	0	2643	139.44	4.41	1.95	9.46	8.61	9.85	12.21	1.77	21.03	22.36
8/17/2020 9:18:52 AM	2.23	1.06	0.18	0.00	0.00	0.00	0.00	0.38	3.47	91.92	7.91	11.64	1180	1065	79	0	0	0	0	0	2325	139.49	4.02	1.79	8.50	8.14	9.20	10.96	1.77	21.01	22.36
8/17/2020 9:18:54 AM	2.33	1.14	0.16	0.00	0.00	0.00	0.00	0.37	3.63	92.04	7.95	11.61	1234	1145	70	0	0	0	0	0	2449	139.69	4.08	1.87	9.18	8.19	9.31	11.12	1.78	20.99	22.34
8/17/2020 9:18:56 AM	2.35	1.12	0.18	0.00	0.00	0.00	0.00	0.38	3.65	91.95	7.98	11.61	1248	1120	80	0	0	0	0	0	2447	139.55	4.16	1.83	9.06	8.36	9.32	11.38	1.78	20.97	22.36
8/17/2020 9:18:59 AM	2.31	1.15	0.23	0.00	0.00	0.00	0.00	0.37	3.68	92.15	8.01	11.62	1222	1148	102	0	0	0	0	0	2471	139.85	4.25	1.87	9.24	8.29	9.39	11.36	1.78	20.92	22.31
8/17/2020 9:19:01 AM	2.44	1.10	0.18	0.00	0.00	0.00	0.00	0.39	3.71	92.10	8.03	11.66	1292	1098	81	0	0	0	0	0	2471	139.77	4.20	1.85	8.84	8.53	9.51	11.71	1.79	20.90	22.31
8/17/2020 9:19:04 AM	2.33	1.10	0.24	0.00	0.00	0.00	0.00	0.39	3.67	92.15	8.06	11.70	1236	1101	108	0	0	0	0	0	2444	139.85	4.29	1.82	8.95	8.48	9.38	11.63	1.79	20.88	22.28
8/17/2020 9:19:06 AM	2.28	1.09	0.34	0.00	0.00	0.00	0.00	0.36	3.71	92.17	8.09	11.67	1207	1091	154	0	0	0	0	0	2452	139.88	4.41	1.87	8.80	8.28	9.53	11.68	1.79	20.85	22.29
8/17/2020 9:19:08 AM	2.04	1.00	0.14	0.00	0.00	0.00	0.00	0.40	3.19	92.24	8.11	11.66	1083	1003	64	0	0	0	0	0	2151	139.98	3.82	1.66	8.09	7.90	8.71	10.30	1.79	20.83	22.26
8/17/2020 9:19:11 AM	2.16	1.07	0.11	0.00	0.00	0.00	0.00	0.40	3.34	92.33	8.15	11.62	1145	1065	51	0	0	0	0	0	2262	140.11	3.88	1.67	8.50	8.08	8.98	10.57	1.80	20.81	22.29
8/17/2020 9:19:13 AM	2.50	1.18	0.18	0.00	0.00	0.00	0.00	0.37	3.86	92.20	8.18	11.55	1326	1181	79	0	0	0	0	0	2585	139.92	4.26	1.87	9.49	8.46	9.65	11.75	1.80	20.78	22.21
8/17/2020 9:19:15 AM	2.15	1.09	0.19	0.00	0.00	0.00	0.00	0.38	3.43	92.25	8.21	11.53	1140	1091	85	0	0	0	0	0	2315	139.99	4.05	1.74	8.76	8.07	9.06	10.77	1.80	20.77	22.19
8/17/2020 9:19:18 AM	2.47	1.22	0.16	0.00	0.00	0.00	0.00	0.37	3.85	92.21	8.24	11.57	1311	1220	70	0	0	0	0	0	2600	139.94	4.25	1.92	9.78	8.46	9.60	11.61	1.81	20.73	22.20
8/17/2020 9:19:20 AM	2.58	1.16	0.33	0.00	0.00	0.00	0.00	0.35	4.07	92.41	8.28	11.61	1368	1163	147	0	0	0	0	0	2678	140.24	4.57	2.03	9.38	8.59	10.04	12.49	1.81	20.72	22.16
8/17/2020 9:19:23 AM	2.42	1.12	0.19	0.00	0.00	0.00	0.00	0.38	3.73	92.32	8.31	11.60	1285	1122	84	0	0	0	0	0	2491	140.10	4.22	1.76	9.03	8.45	9.53	11.63	1.81	20.68	22.15
8/17/2020 9:19:25 AM	2.33	1.07	0.21	0.00	0.00	0.00	0.00	0.37	3.62	92.52	8.33	11.61	1237	1071	96	0	0	0	0	0	2404	140.41	4.14	1.69	8.64	8.17	9.37	11.31	1.82	20.67	22.16
8/17/2020 9:19:27 AM	2.29	1.13	0.22	0.00	0.00	0.00	0.00	0.37	3.64	92.35	8.36	11.63	1214	1126	100	0	0	0	0	0	2440	140.16	4.22	1.81	9.07	8.26	9.35	11.31	1.82	20.65	22.09
8/17/2020 9:19:30 AM	2.35	1.11	0.28	0.00	0.00	0.00	0.00	0.37	3.73	92.31	8.37	11.64	1245	1111	124	0	0	0	0	0	2480	140.09	4.36	1.82	9.04	8.43	9.47	11.73	1.82	20.60	22.09
8/17/2020 9:19:32 AM	2.33	1.10	0.30	0.00	0.00	0.00	0.00	0.39	3.73	92.46	8.50	11.61	1237	1103	133	0	0	0	0	0	2473	140.31	4.42	1.95	9.01	8.59	9.45	11.89	1.83	20.60	22.09
8/17/2020 9:19:35 AM	2.85	1.33	0.27	0.00	0.00	0.00	0.00	0.33	4.45	92.28	8.60	11.58	1511	1330	119	0	0	0	0	0	2961	140.04	4.73	2.02	10.82	8.80	10.35	12.98	1.84	20.57	22.06
8/17/2020 9:19:37 AM	2.70	1.15	0.27	0.00	0.00	0.00	0.00	0.36	4.12	92.70	8.65	11.54	1430	1148	122	0	0	0	0	0	2700	140.69	4.55	1.91	9.41	8.80	9.98	12.73	1.85	20.55	22.06
8/17/2020 9:19:39 AM	2.60	1.07	0.17	0.00	0.00	0.00	0.00	0.36	3.84	92.84	8.71	11.55	1376	1073	76	0	0	0	0	0	2525	140.89	4.19	1.75	8.89	8.45	9.48	11.95	1.85	20.53	22.04
8/17/2020 9:19:42 AM	2.62	1.15	0.18	0.00	0.00	0.00	0.00	0.37	3.95	92.61	8.77	11.60	1388	1150	83	0	0	0	0	0	2621	140.54	4.35	1.82	9.47	8.68	9.64	12.20	1.86	20.50	22.03
8/17/2020 9:19:44 AM	2.49	1.14	0.17	0.00	0.00	0.00	0.00	0.36	3.80	92.72	8.82	11.58	1320	1143	77	0	0	0	0	0	2540	140.72	4.19	1.85	9.30	8.34	9.47	11.62	1.86	20.48	21.98
8/17/2020 9:19:46 AM	2.73	1.15	0.31	0.00	0.00	0.00	0.00	0.33	4.18	92.81	8.87	11.54	1444	1148	137	0	0	0	0	0	2730	140.85	4.57	1.82	9.52	8.56	9.98	12.71	1.87	20.46	21.96
8/17/2020 9:19:49 AM	3.09	1.33	0.15	0.00	0.00	0.00	0.00	0.34	4.57	92.43	8.92	11.54	1640	1327	67	0	0	0	0	0	3034	140.27	4.61	2.10	10.90	9.04	10.41	13.32	1.87	20.44	21.95
8/17/2020 9:19:51 AM	3.25	1.18	0.26	0.00	0.00	0.00	0.00	0.31	4.69	92.97	8.97	11.57	1724	1179	116	0	0	0	0	0	3019	141.09	4.74	2.07	10.01	9.10	10.49	14.08	1.88	20.42	21.93
8/17/2020 9:19:54 AM	2.77	1.12	0.29	0.00	0.00	0.00	0.00	0.36	4.18	92.81	9.01	11.60	1470	1116	129	0	0	0	0	0	2715	140.85	4.58	1.90	9.12	8.90	10.17	13.03	1.88	20.39	21.93
8/17/2020 9:19:56 AM	2.62	1.18	0.17	0.00	0.00	0.00	0.00	0.38	3.97	92.66	9.06	11.63	1387	1178	78	0	0	0	0	0	2644	140.63	4.36	1.82	9.63	8.73	9.71	12.19	1.89	20.37	21.91
8/17/2020 9:19:58 AM	2.53	1.07	0.27	0.00	0.00	0.00	0.00	0.37	3.88	93.07	9.10	11.64	1343	1075	120	0	0	0	0	0	2538	141.25	4.40	1.82	8.84	8.63	9.66	12.26	1.89	20.35	21.84
8/17/2020 9:20:01 AM	2.47	1.14	0.19	0.00	0.00	0.00	0.00	0.38	3.80	93.17	9.12	11.60	1310	1136	85	0	0	0	0	0	2530	141.40	4.26	1.79	9.20	8.48	9.56	11.75	1.89	20.34	21.88
8/17/2020 9:20:03 AM	2.41	1.11	0.21	0.00	0.00	0.00	0.00	0.38	3.74	93.14	9.14	11.56	1280	1113	96	0	0	0	0	0	2489	141.35	4.25	1.83	8.84	8.48	9.68	11.73	1.90	20.31	21.84
8/17/2020 9:20:05 AM	2.50	1.15	0.16	0.00	0.00	0.00	0.00	0.38	3.82	93.25	9.16	11.55	1327	1152	74	0	0	0	0	0	2553	141.52	4.24	1.82	9.29	8.55	9.61	11.80	1.90	20.29	21.81
8/17/2020 9:20:08 AM	2.54	1.19	0.22	0.00	0.00	0.00	0.00	0.39	3.95	93.37	9.18	11.58	1345	1188	100	0	0	0	0	0	2633	141.69	4.45	1.90	9.54	8.79	9.86	12.22	1.90	20.26	21.85
8/17/2020 9:20:10 AM	2.53	1.13	0.14	0.00	0.00	0.00	0.00	0.40	3.81	93.55	9.21	11.62	1344	1131	65	0	0	0	0	0	2540	141.98	4.23	1.74	9.04	8.70	9.72	11.93	1.90	20.26	21.84
8/17/2020 9:20:13 AM	2.87	1.47	0.24	0.00	0.00	0.00	0.00	0.35	4.58	93.37	9.24	11.63	1519	1472	109	0	0	0	0	0	3099	141.70	4.83	2.28	11.37	9.08	11.02	13.12	1.91	20.22	21.81
8/17/2020 9:20:15 AM	2.85	1.19	0.31	0.00	0.00	0.00	0.00	0.36	4.35	93.47	9.27	11.62	1511	1194	139	0	0	0	0	0	2844	141.84	4.73	1.99	9.62	9.06	10.52	13.36	1.91	20.21	21.75
8/17/2020 9:20:17 AM	2.57	1.23	0.21	0.00	0.00	0.00	0.00	0.38	4.01	93.65	9.29	11.61	1364	1226	94	0	0	0	0	0	2684	142.12	4.45	1.91	9.67	8.79	10.09	12.25	1.91	20.19	21.80
8/17/2020 9:20:20 AM	2.29	1.14	0.11	0.00	0.00	0.00	0.00	0.41	3.54	93.75	9.31	11.61	1215	1138	51	0	0	0	0	0	2404	142.27	4.06	1.78	9.01	8.48	9.34	11.14	1.91	20.16	21.71
8/17/2020 9:20:22 AM	2.57	1.25	0.18	0.00	0.00	0.00	0.00	0.39	3.99	93.79	9.34	11.63	1359	1253	79	0	0	0	0	0	2692	142.33	4.44	1.94	10.05	8.84	9.85	12.15	1.92	20.15	21.71
8/17/2020 9:20:25 AM	2.80	1.43	0.23	0.00	0.00	0.00	0.00	0.39	4.46	93.96	9.37	11.64	1483	1433	105	0	0	0	0	0	3020	142.59	4.87	2.38	11.38	9.43	10.55	13.23	1.92	20.13	21.70
8/17/2020 9:20:27 AM	3.00	1.35	0.26	0.00	0.00	0.00	0.00	0.38	4.61	94.02	9.39	11.64	1591	1351	118	0	0	0	0	0	3060	142.68	4.95	2.16	10.81	9.61	10.86	13.92	1.92	20.11	21.73
8/17/2020 9:20:29 AM	3.19	1.36	0.21	0.00	0.00	0.00	0.00	0.37	4.76	94.03	9.42	11.68	1693	1358	93	0	0	0	0	0	3144	142.70	4.91	2.08	10.96	9.64	10.98	14.17	1.92	20.09	21.66
8/17/2020 9:20:32 AM	2.84	1.25	0.15	0.00	0.00	0.00	0.00	0.40	4.25	94.06	9.51	11.66	1505	1254	69	0	0	0	0	0	2828	142.75	4.56	2.02	10.17	9.30	10.17	13.02	1.93	20.06	21.66
8/17/2020 9:20:34 AM	2.56	1.15	0.32	0.00	0.00	0.00	0.00	0.38	4.04	94.18	9.62	11.59	1357	1152	146	0	0	0	0	0	2655	142.93	4.62	1.98	9.27	8.87	10.05	12.67	1.94	20.05	21.64
8/17/2020 9:20:36 AM	3.06	1.24	0.38	0.00	0.00	0.00	0.00	0.34	4.68	94.00	9.71	11.54	1623	1240	171	0	0	0	0	0	3034	142.65	5.03	1.99	10.09	9.33	10.95	14.23	1.95	20.04	21.61
8/17/2020 9:20:39 AM	3.02	1.27	0.34	0.00	0.00	0.00	0.00	0.37	4.62	94.14	9.76	11.56	1599	1266	152	0	0	0	0	0	3017	142.86	5.04	2.02	10.35	9.59	10.78	14.19	1.96	20.01	21.60
8/17/2020 9:20:41 AM	3.00	1.23	0.32	0.00	0.00	0.00	0.00	0.35	4.55	94.26	9.81	11.55	1588	1226	146	0	0	0	0	0	2960	143.05	4.89	1.93	10.13	9.21	10.56	13.82	1.96	19.98	21.60
8/17/2020 9:20:44 AM	3.02	1.19	0.28	0.00	0.00	0.00	0.00	0.35	4.50	94.13	9.86	11.53	1600	1194	128	0	0	0	0	0	2922	142.85	4.78	2.02	9.94	9.19	10.41	13.74	1.97	19.98	21.60
8/17/2020 9:20:46 AM	3.54	1.34	0.33	0.00	0.00	0.00	0.00	0.31	5.20	94.40	9.92	11.56	1874	1339	148	0	0	0	0	0	3361	143.26	5.23	2.11	11.15	9.73	11.39	15.34	1.97	19.95	21.57
8/17/2020 9:20:48 AM	3.43	1.28	0.47	0.00	0.00	0.00	0.00	0.30	5.18	94.32	9.96	11.61	1817	1284	211	0	0	0	0	0	3311	143.14	5.40	2.17	10.65	9.68	11.53	15.53	1.98	19.93	21.54
8/17/2020 9:20:51 AM	3.02	1.22	0.31	0.00	0.00	0.00	0.00	0.37	4.55	94.57	10.01	11.57	1603	1217	139	0	0	0	0	0	2959	143.51	4.93	1.88	10.09	9.49	10.57	14.05	1.98	19.91	21.52
8/17/2020 9:20:53 AM	4.32	2.64	2.06	0.00	0.00	0.00	0.00	0.00	9.02	94.61	10.07	11.57	2291	2635	928	0	0	0	0	0	5854	143.57	10.04	3.68	19.13	11.07	19.47	23.65	1.99	19.91	21.50
8/17/2020 9:20:55 AM	18.10	27.06	9.25	0.00	0.00	0.00	0.00	0.00	54.41	66.03	10.11	11.61	9591	27064	4164	0	0	0	0	0	40820	100.19	52.73	28.07	169.39	27.42	125.34	122.15	1.99	19.88	21.48
8/17/2020 9:20:58 AM	9.46	15.03	6.32	0.00	0.00	0.00	0.00	0.00	30.81	39.17	10.13	11.64	5016	15027	2844	0	0	0	0	0	22887	59.42	32.00	14.12	93.97	16.28	73.32	71.00	1.99	19.86	21.50
